0	42	4		0	0
0	42	150		0	0
0	42	172		0	0
0	42	282		0	0
0	42	335		0	0
0	42	404		0	0
0	42	545	CCT	0	0
0	42	545	TAC	0	0
0	42	563	A	0	0
0	42	563	T	0	0
0	42	674		0	0
0	42	681		0	0
0	42	841	ACG	0	0
0	42	841	ATG	0	0
0	42	841	GTC	0	0
0	42	1011		0	0
0	42	1012		0	0
0	42	1034		0	0
0	42	1060	C	0	0
0	42	1060	T	0	0
0	42	1087		0	0
0	42	1134		0	0
0	42	1144	AATT	0	0
0	42	1144	ATTA	0	0
0	42	1144	ATTT	0	0
0	42	1144	TTAA	0	0
0	42	1338	A	0	0
0	42	1338	C	0	0
0	42	1361		0	0
0	42	1364		0	0
0	42	1425		0	0
0	42	1453	A	0	0
0	42	1453	C	0	0
0	42	1576		0	0
0	42	1607	G	0	0
0	42	1607	T	0	0
0	42	1621	A	0	0
0	42	1621	T	0	0
0	42	1659		0	0
0	42	1754		0	0
0	42	1780		0	0
0	42	1822	A	0	0
0	42	1822	G	0	0
0	42	1859		0	0
0	42	2091		0	0
0	42	2244		0	0
0	42	2604		0	0
0	42	2619	AC	0	0
0	42	2619	AT	0	0
0	42	2619	GC	0	0
0	42	2635	AA	0	0
0	42	2635	GA	0	0
0	42	2635	GC	0	0
0	42	2719		0	0
0	42	2758		0	0
0	42	2761		0	0
0	42	2792	CTC	0	0
0	42	2792	TAA	0	0
0	42	2792	TTA	0	0
0	42	2827	GCTAG	0	0
0	42	2827	TAGCT	0	0
0	42	2827	TATAG	0	0
0	42	2827	TCGCT	0	0
0	42	3066	C	0	0
0	42	3066	T	0	0
0	42	3227		0	0
0	42	3290		0	0
0	42	3333	C	0	0
0	42	3333	T	0	0
0	42	3522		0	0
0	42	3538		0	0
0	42	3577		0	0
0	42	3619		0	0
0	42	3900	G	0	0
0	42	3900	T	0	0
0	42	4144		0	0
0	42	4310		0	0
0	42	4339		0	0
0	42	4393		0	0
0	42	4439		0	0
0	42	4591	AT	0	0
0	42	4591	TA	0	0
0	42	4597		0	0
0	42	4625		0	0
0	42	4647		0	0
0	42	4731		0	0
0	42	4878		0	0
0	42	4925		0	0
0	42	5174		0	0
0	42	5421	C	0	0
0	42	5421	T	0	0
0	42	5456	G	0	0
0	42	5456	T	0	0
0	42	5533		0	0
0	42	5590	C	0	0
0	42	5590	T	0	0
0	42	5703	G	0	0
0	42	5703	T	0	0
0	42	5774		0	0
0	42	5792		0	0
0	42	5873		0	0
0	42	5923		0	0
0	42	5983	G	0	0
0	42	5983	T	0	0
0	42	6131		0	0
0	42	6133		0	0
0	42	6142		0	0
0	42	6180		0	0
0	42	6235		0	0
0	42	6294	AGTCCGG	0	0
0	42	6294	AGTCTGA	0	0
0	42	6294	TACCCAG	0	0
0	42	6294	TATTCAG	0	0
0	42	6294	TGCTCAG	0	0
0	42	6335		0	0
0	42	6532	G	0	0
0	42	6532	T	0	0
0	42	6536		0	0
0	42	6592		0	0
0	42	6631		0	0
0	42	6688		0	0
0	42	6717		0	0
0	42	6725	CT	0	0
0	42	6725	TC	0	0
0	42	6774	AG	0	0
0	42	6774	AT	0	0
0	42	6774	GG	0	0
0	42	6795	AATC	0	0
0	42	6795	TGCT	0	0
0	42	6796		0	0
0	42	6798		0	0
0	42	6854	AT	0	0
0	42	6854	GA	0	0
0	42	7014		0	0
0	42	7021		0	0
0	42	7034	AAA	0	0
0	42	7034	AGA	0	0
0	42	7034	AGT	0	0
0	42	7034	GGA	0	0
0	42	7066		0	0
0	42	7072	C	0	0
0	42	7072	T	0	0
0	42	7090		0	0
0	42	7176		0	0
0	42	7299	A	0	0
0	42	7299	C	0	0
0	42	7321	AT	0	0
0	42	7321	GC	0	0
0	42	7381		0	0
0	42	7451		0	0
0	42	7512		0	0
0	42	7689	AG	0	0
0	42	7689	AT	0	0
0	42	7689	CT	0	0
0	42	7692		0	0
0	42	7712		0	0
0	42	7719	AC	0	0
0	42	7719	CA	0	0
0	42	7737	AAA	0	0
0	42	7737	AAG	0	0
0	42	7737	GAA	0	0
0	42	7737	GAG	0	0
0	42	7737	GTG	0	0
0	42	7770		0	0
0	42	7942	ATCGG	0	0
0	42	7942	ATCGT	0	0
0	42	7942	GGCGT	0	0
0	42	7942	GGGGT	0	0
0	42	7942	GTCGT	0	0
0	42	7942	GTGAT	0	0
0	42	7986		0	0
0	42	8105		0	0
0	42	8185		0	0
0	42	8480		0	0
0	42	8508		0	0
0	42	8723		0	0
0	42	8729	ACCGCGCGC	0	0
0	42	8729	ATCGCGTAA	0	0
0	42	8729	ATCGCGTAC	0	0
0	42	8729	ATCGTATAC	0	0
0	42	8729	ATCGTGTAC	0	0
0	42	8729	CTTACGTAC	0	0
0	42	8779	C	0	0
0	42	8779	T	0	0
0	42	8845		0	0
0	42	8882	CAG	0	0
0	42	8882	CAT	0	0
0	42	8882	CGG	0	0
0	42	8882	TGG	0	0
0	42	9064		0	0
0	42	9226	CAC	0	0
0	42	9226	TGA	0	0
0	42	9232		0	0
0	42	9465	CC	0	0
0	42	9465	TC	0	0
0	42	9465	TT	0	0
0	42	9509		0	0
0	42	9577	AGTG	0	0
0	42	9577	CAAT	0	0
0	42	9617		0	0
0	42	9624	A	0	0
0	42	9624	G	0	0
0	42	9650		0	0
0	42	9764		0	0
0	42	9786	C	0	0
0	42	9786	T	0	0
0	42	9854		0	0
0	42	9921		0	0
0	42	9952		0	0
0	42	10003		0	0
0	42	10068	A	0	0
0	42	10068	G	0	0
0	42	10163	G	0	0
0	42	10163	T	0	0
0	42	10255		0	0
0	42	10291	CA	0	0
0	42	10291	CT	0	0
0	42	10291	TT	0	0
0	42	10375		0	0
0	42	10381		0	0
0	42	10561	G	0	0
0	42	10561	T	0	0
0	42	10765		0	0
0	42	10892		0	0
0	42	10905	C	0	0
0	42	10905	T	0	0
0	42	10923		0	0
0	42	10994		0	0
0	42	10998	AT	0	0
0	42	10998	TC	0	0
0	42	10998	TT	0	0
0	42	11051		0	0
0	42	11190		0	0
0	42	11282	G	0	0
0	42	11282	T	0	0
0	42	11413		0	0
0	42	11556		0	0
0	42	11630		0	0
0	42	11643		0	0
0	42	11704		0	0
0	42	11722		0	0
0	42	11769		0	0
0	42	11885		0	0
0	42	11931	G	0	0
0	42	11931	T	0	0
0	42	11950	CC	0	0
0	42	11950	TT	0	0
0	42	11968		0	0
0	42	11998		0	0
0	42	12047		0	0
0	42	12136	A	0	0
0	42	12136	T	0	0
0	42	12144	A	0	0
0	42	12144	G	0	0
0	42	12188	CACGCAAG	0	0
0	42	12188	CGCACGGA	0	0
0	42	12188	TAAATGAG	0	0
0	42	12232		0	0
0	42	12330	A	0	0
0	42	12330	C	0	0
0	42	12342		0	0
0	42	12455		0	0
0	42	12456		0	0
0	42	12468	ATTGTGT	0	0
0	42	12468	TCAACTC	0	0
0	42	12565		0	0
0	42	12571	CCT	0	0
0	42	12571	CTC	0	0
0	42	12571	GCT	0	0
0	42	12617		0	0
0	42	12709		0	0
0	42	12712		0	0
0	42	12866		0	0
0	42	12947		0	0
0	42	12961		0	0
0	42	13134		0	0
0	42	13169		0	0
0	42	13180	C	0	0
0	42	13180	T	0	0
0	42	13270	AATC	0	0
0	42	13270	CGCT	0	0
0	42	13297		0	0
0	42	13808		0	0
0	42	14140	G	0	0
0	42	14140	T	0	0
0	42	14602		0	0
0	42	14799	A	0	0
0	42	14799	G	0	0
0	42	14913		0	0
0	42	14914		0	0
0	42	14930		0	0
0	42	15172		0	0
0	42	15252		0	0
0	42	15355		0	0
0	42	15540		0	0
0	42	15628		0	0
0	42	16058		0	0
0	42	16125		0	0
0	42	16812		0	0
0	42	17026		0	0
0	42	17141		0	0
0	42	17181		0	0
0	42	17230		0	0
0	42	17376		0	0
0	42	17395		0	0
0	42	17674	A	0	0
0	42	17674	C	0	0
0	42	18083	AT	0	0
0	42	18083	GC	0	0
0	42	18219		0	0
0	42	18801		0	0
0	42	18921		0	0
0	42	19157	AT	0	0
0	42	19157	GG	0	0
0	42	19157	GT	0	0
0	42	19586		0	0
0	42	19702		0	0
0	42	19717		0	0
0	42	19817	AG	0	0
0	42	19817	GG	0	0
0	42	19817	GT	0	0
0	42	19837	GACT	0	0
0	42	19837	GGCT	0	0
0	42	19837	GGTT	0	0
0	42	19837	TACT	0	0
0	42	19837	TGCG	0	0
0	42	19837	TGCT	0	0
0	42	19837	TGTT	0	0
0	42	19964		0	0
0	42	20044		0	0
0	42	20210	C	0	0
0	42	20210	T	0	0
0	42	21478		0	0
0	42	22194		0	0
0	42	22199	C	0	0
0	42	22199	T	0	0
0	42	22472		0	0
0	42	22781		0	0
0	42	23053		0	0
0	42	23067		0	0
0	42	24080	C	0	0
0	42	24080	T	0	0
0	42	24377		0	0
0	42	25453		0	0
0	42	25752		0	0
0	42	25881		0	0
0	42	26090	AA	0	0
0	42	26090	GG	0	0
0	42	26236		0	0
0	42	26270		0	0
0	42	26307		0	0
0	42	26582	AGGT	0	0
0	42	26582	AGTC	0	0
0	42	26582	AGTT	0	0
0	42	26582	GAGC	0	0
0	42	26582	GATC	0	0
0	42	26582	GATT	0	0
0	42	26683		0	0
0	42	26801		0	0
0	42	27481		0	0
0	42	27538		0	0
0	42	28007		0	0
0	42	28272		0	0
0	42	28284		0	0
0	42	28633		0	0
0	42	29276	AGG	0	0
0	42	29276	GAA	0	0
0	42	29565		0	0
0	42	29907		0	0
0	42	30251		0	0
0	42	30415		0	0
0	42	30849		0	0
0	42	31004		0	0
0	42	31648		0	0
0	42	31879		0	0
0	42	31893	CGTT	0	0
0	42	31893	TAAG	0	0
0	42	32007	A	0	0
0	42	32007	C	0	0
0	42	32201	ACG	0	0
0	42	32201	CGT	0	0
0	42	32787		0	0
0	42	32794		0	0
0	42	32901	GAA	0	0
0	42	32901	GAG	0	0
0	42	32901	TTG	0	0
0	42	33382		0	0
0	42	33651		0	0
0	42	34314		0	0
0	42	34387		0	0
0	42	34427		0	0
0	42	34705		0	0
0	42	34803		0	0
0	42	34824		0	0
0	42	34869		0	0
0	42	35513		0	0
0	42	35872	A	0	0
0	42	35872	C	0	0
0	42	35991		0	0
0	42	36071	A	0	0
0	42	36071	G	0	0
0	42	37153		0	0
0	42	37859		0	0
0	42	37948	A	0	0
0	42	37948	G	0	0
0	42	38594		0	0
0	42	38640	A	0	0
0	42	38640	G	0	0
0	42	39732		0	0
0	42	39956		0	0
0	42	40077		0	0
0	42	40083		0	0
0	42	40107		0	0
0	42	40126		0	0
0	42	40189		0	0
0	42	40255	AG	0	0
0	42	40255	AT	0	0
0	42	40255	GG	0	0
0	42	40255	GT	0	0
0	42	40302		0	0
0	42	40314	CC	0	0
0	42	40314	TT	0	0
0	42	40500	AC	0	0
0	42	40500	GA	0	0
0	42	40968		0	0
0	42	41047		0	0
0	42	41210	CCGCC	0	0
0	42	41210	CCGCT	0	0
0	42	41210	CGGTC	0	0
0	42	41210	TCACT	0	0
0	42	41210	TCGCC	0	0
0	42	41210	TCGCT	0	0
0	42	41260	A	0	0
0	42	41260	G	0	0
0	42	41408	A	0	0
0	42	41408	C	0	0
0	42	41546		0	0
0	42	41557		0	0
0	42	41629		0	0
0	42	41654		0	0
0	42	41752		0	0
0	42	41934	AATCGA	0	0
0	42	41934	CGCAAT	0	0
0	42	41934	CGCCAA	0	0
0	42	41986	AC	0	0
0	42	41986	TT	0	0
0	42	42045	C	0	0
0	42	42045	T	0	0
0	42	42174		0	0
0	42	42216		0	0
0	42	42264	A	0	0
0	42	42264	C	0	0
0	42	42497	C	0	0
0	42	42497	T	0	0
0	42	42551		0	0
0	42	42571		0	0
0	42	42705		0	0
0	42	42759		0	0
0	42	42803		0	0
0	42	42820		0	0
0	42	42833	A	0	0
0	42	42833	G	0	0
0	42	42871		0	0
0	42	42894	A	0	0
0	42	42894	G	0	0
0	42	42895		0	0
0	42	42986		0	0
0	42	43055		0	0
0	42	43104		0	0
0	42	43228	C	0	0
0	42	43228	T	0	0
0	42	43276		0	0
0	42	43312	ATACTCATA	0	0
0	42	43312	ATACTCGTC	0	0
0	42	43312	ATCCCCATC	0	0
0	42	43312	ATCCCCGTC	0	0
0	42	43312	ATCCCTATC	0	0
0	42	43312	ATCTCCGTC	0	0
0	42	43312	GCCCCTGCC	0	0
0	42	43312	GTCCCCATC	0	0
0	42	43312	GTCTCCATC	0	0
0	42	43344		0	0
0	42	43609		0	0
0	42	43748		0	0
0	42	43843		0	0
0	42	43855		0	0
0	42	43958		0	0
0	42	44076	G	0	0
0	42	44076	T	0	0
0	42	44396		0	0
0	42	44425		0	0
0	42	44482	C	0	0
0	42	44482	G	0	0
0	42	44513	AACAG	0	0
0	42	44513	AACAT	0	0
0	42	44513	AGCAG	0	0
0	42	44513	GACGG	0	0
0	42	44513	GATGG	0	0
0	42	44679		0	0
0	42	45142		0	0
0	42	45317		0	0
0	42	45318	CA	0	0
0	42	45318	TG	0	0
0	42	45455	C	0	0
0	42	45455	T	0	0
0	42	45515		0	0
0	42	45656	A	0	0
0	42	45656	G	0	0
0	42	45667	AA	0	0
0	42	45667	GG	0	0
0	42	45746		0	0
0	42	45764		0	0
0	42	45985	AT	0	0
0	42	45985	TA	0	0
0	42	46003		0	0
0	42	46119		0	0
0	42	46194	A	0	0
0	42	46194	G	0	0
0	42	46253	CCGGTGA	0	0
0	42	46253	CTGGTGA	0	0
0	42	46253	TCAGTTA	0	0
0	42	46253	TCGGCGA	0	0
0	42	46253	TCGGTGA	0	0
0	42	46253	TCGGTTA	0	0
0	42	46253	TCGGTTT	0	0
0	42	46253	TTGATGA	0	0
0	42	46253	TTGGTGA	0	0
0	42	46381		0	0
0	42	46397		0	0
0	42	46510	CA	0	0
0	42	46510	TG	0	0
0	42	46540	C	0	0
0	42	46540	T	0	0
0	42	46542		0	0
0	42	46565		0	0
0	42	46609		0	0
0	42	46626		0	0
0	42	46737		0	0
0	42	46916		0	0
0	42	46988		0	0
0	42	47084		0	0
0	42	47161	AAACCAG	0	0
0	42	47161	GCGGCAG	0	0
0	42	47161	GCGGCTG	0	0
0	42	47161	GCGGGAA	0	0
0	42	47161	GCGGGAG	0	0
0	42	47262		0	0
0	42	47267	A	0	0
0	42	47267	G	0	0
0	42	47398		0	0
0	42	47409		0	0
0	42	47698		0	0
0	42	47738		0	0
0	42	47784		0	0
0	42	47965	C	0	0
0	42	47965	T	0	0
0	42	48182	GTGTT	0	0
0	42	48182	TACAG	0	0
0	42	48182	TACAT	0	0
0	42	48182	TAGTT	0	0
0	42	48296		0	0
0	42	48392		0	0
0	42	48610	A	0	0
0	42	48610	G	0	0
0	42	48742		0	0
0	42	48823	A	0	0
0	42	48823	G	0	0
0	42	48882		0	0
0	42	48900	GA	0	0
0	42	48900	GG	0	0
0	42	48900	TA	0	0
0	42	48900	TG	0	0
0	42	48913	ATT	0	0
0	42	48913	GCC	0	0
0	42	49149		0	0
0	42	49328		0	0
0	42	49374		0	0
0	42	49402	CCG	0	0
0	42	49402	CCT	0	0
0	42	49402	TTG	0	0
0	42	49449		0	0
0	42	49572		0	0
0	42	49607	C	0	0
0	42	49607	G	0	0
0	42	49628		0	0
0	42	49671		0	0
0	42	49686	A	0	0
0	42	49686	G	0	0
0	42	49837		0	0
0	42	49875	A	0	0
0	42	49875	C	0	0
0	42	49934		0	0
0	42	49945	G	0	0
0	42	49945	T	0	0
0	42	49970	A	0	0
0	42	49970	C	0	0
0	42	50048	AT	0	0
0	42	50048	CC	0	0
0	42	50211		0	0
0	42	50288	G	0	0
0	42	50288	T	0	0
0	42	50409	CGAGAC	0	0
0	42	50409	TCGAGA	0	0
0	42	50415	CA	0	0
0	42	50415	GA	0	0
0	42	50415	GC	0	0
0	42	50691		0	0
0	42	50829		0	0
0	42	50862		0	0
0	42	50899		0	0
0	42	51030		0	0
0	42	51186	AGCTCGGTCG	0	0
0	42	51186	AGCTCGGTTG	0	0
0	42	51186	AGTTCGATTG	0	0
0	42	51186	AGTTCGGGCA	0	0
0	42	51186	AGTTCGGTCG	0	0
0	42	51186	AGTTCGGTTG	0	0
0	42	51186	AGTTTAGGCG	0	0
0	42	51186	CGCTCGAGCG	0	0
0	42	51186	CGTTCGGTCG	0	0
0	42	51186	CGTTTAGGCG	0	0
0	42	51186	CGTTTAGTCG	0	0
0	42	51186	CTTTCGGGCG	0	0
0	42	51455		0	0
0	42	51493	CC	0	0
0	42	51493	CG	0	0
0	42	51493	TG	0	0
0	42	51565		0	0
0	42	51590		0	0
0	42	51600		0	0
0	42	51615	A	0	0
0	42	51615	G	0	0
0	42	51616		0	0
0	42	51720		0	0
0	42	52272		0	0
0	42	52274		0	0
0	42	52460	G	0	0
0	42	52460	T	0	0
0	42	52519	CAG	0	0
0	42	52519	CGG	0	0
0	42	52519	CGT	0	0
0	42	52519	TAG	0	0
0	42	52527		0	0
0	42	52800		0	0
0	42	53082	C	0	0
0	42	53082	T	0	0
0	42	53096		0	0
0	42	53097		0	0
0	42	53104	A	0	0
0	42	53104	T	0	0
0	42	53146		0	0
0	42	53197		0	0
0	42	53199		0	0
0	42	53220	GAT	0	0
0	42	53220	TCC	0	0
0	42	53231		0	0
0	42	53244	A	0	0
0	42	53244	G	0	0
0	42	53327		0	0
0	42	53380	A	0	0
0	42	53380	G	0	0
0	42	53381		0	0
0	42	53645	AT	0	0
0	42	53645	GC	0	0
0	42	53769	AGCCATT	0	0
0	42	53769	AGCCGCG	0	0
0	42	53769	GATAGTT	0	0
0	42	53769	GGTCGTT	0	0
0	42	53773		0	0
0	42	53802	G	0	0
0	42	53802	T	0	0
0	42	53897		0	0
0	42	53906		0	0
0	42	54069	CC	0	0
0	42	54069	GT	0	0
0	42	54083		0	0
0	42	54135	CGT	0	0
0	42	54135	TCA	0	0
0	42	54148		0	0
0	42	54158	G	0	0
0	42	54158	T	0	0
0	42	54179	GT	0	0
0	42	54179	TG	0	0
0	42	54208	AAA	0	0
0	42	54208	ATC	0	0
0	42	54208	TTC	0	0
0	42	54224		0	0
0	42	54315		0	0
0	42	54356		0	0
0	42	54402	C	0	0
0	42	54402	T	0	0
0	42	54555		0	0
0	42	54703		0	0
0	42	54755	GA	0	0
0	42	54755	TC	0	0
0	42	54786	C	0	0
0	42	54786	G	0	0
0	42	54797	A	0	0
0	42	54797	C	0	0
0	42	54836	A	0	0
0	42	54836	G	0	0
0	42	55020	A	0	0
0	42	55020	T	0	0
0	42	55021	AT	0	0
0	42	55021	TA	0	0
0	42	55155	AT	0	0
0	42	55155	CC	0	0
0	42	55192		0	0
0	42	55267	CCCA	0	0
0	42	55267	CCCT	0	0
0	42	55267	TTTA	0	0
0	42	55291		0	0
0	42	55294		0	0
0	42	55475		0	0
0	42	55481		0	0
0	42	55498		0	0
0	42	55510	A	0	0
0	42	55510	G	0	0
0	42	55522		0	0
0	42	55585	CT	0	0
0	42	55585	TA	0	0
0	42	55585	TT	0	0
0	42	55602		0	0
0	42	55615		0	0
0	42	55618		0	0
0	42	55640		0	0
0	42	55791		0	0
0	42	55826		0	0
0	42	56018	C	0	0
0	42	56018	T	0	0
0	42	56205	CCG	0	0
0	42	56205	TCA	0	0
0	42	56205	TCG	0	0
0	42	56205	TTG	0	0
0	42	56271		0	0
0	42	56276		0	0
0	42	56327		0	0
0	42	56384		0	0
0	42	56446	AAT	0	0
0	42	56446	GTC	0	0
0	42	56472		0	0
0	42	56507		0	0
0	42	56523		0	0
0	42	56543		0	0
0	42	56591		0	0
0	42	56629		0	0
0	42	56653	A	0	0
0	42	56653	G	0	0
0	42	56696	ATTTCC	0	0
0	42	56696	CCGATC	0	0
0	42	56696	CCTATC	0	0
0	42	56696	CCTATT	0	0
0	42	56713		0	0
0	42	56756		0	0
0	42	56770		0	0
0	42	56853		0	0
0	42	56909	G	0	0
0	42	56909	T	0	0
0	42	56997		0	0
0	42	57022	A	0	0
0	42	57022	C	0	0
0	42	57206		0	0
0	42	57225	A	0	0
0	42	57225	G	0	0
0	42	57303	C	0	0
0	42	57303	T	0	0
0	42	57521	C	0	0
0	42	57521	G	0	0
0	42	57590		0	0
0	42	57631	CCTA	0	0
0	42	57631	TAAC	0	0
0	42	57659		0	0
0	42	57665		0	0
0	42	57788		0	0
0	42	57919		0	0
0	42	57923	C	0	0
0	42	57923	T	0	0
0	42	58034	A	0	0
0	42	58034	C	0	0
0	42	58067		0	0
0	42	58135	A	0	0
0	42	58135	T	0	0
0	42	58204		0	0
0	42	58267		0	0
0	42	58279		0	0
0	42	58471		0	0
0	42	58589		0	0
0	42	58606		0	0
0	42	58631	A	0	0
0	42	58631	G	0	0
0	42	58650		0	0
0	42	58679	C	0	0
0	42	58679	T	0	0
0	42	58700	GAACA	0	0
0	42	58700	GAATA	0	0
0	42	58700	TGGTT	0	0
0	42	58726	G	0	0
0	42	58726	T	0	0
0	42	58727		0	0
0	42	58809	G	0	0
0	42	58809	T	0	0
0	42	58890		0	0
0	42	58900	C	0	0
0	42	58900	T	0	0
0	42	59020		0	0
0	42	59060		0	0
0	42	59079		0	0
0	42	59090		0	0
0	42	59111	A	0	0
0	42	59111	G	0	0
0	42	59126	CC	0	0
0	42	59126	TA	0	0
0	42	59126	TC	0	0
0	42	59205	A	0	0
0	42	59205	G	0	0
0	42	59265	G	0	0
0	42	59265	T	0	0
0	42	59309	A	0	0
0	42	59309	C	0	0
0	42	59316	A	0	0
0	42	59316	G	0	0
0	42	59407		0	0
0	42	59491	A	0	0
0	42	59491	T	0	0
0	42	59544	AG	0	0
0	42	59544	GA	0	0
0	42	59559		0	0
0	42	59739	C	0	0
0	42	59739	G	0	0
0	42	59752	G	0	0
0	42	59752	T	0	0
0	42	59789		0	0
0	42	59800		0	0
0	42	59835		0	0
0	42	59892		0	0
0	42	59924	CTG	0	0
0	42	59924	TAC	0	0
0	42	60005	C	0	0
0	42	60005	T	0	0
0	42	60079		0	0
0	42	60100		0	0
0	42	60360	GA	0	0
0	42	60360	GG	0	0
0	42	60360	TA	0	0
0	42	60373		0	0
0	42	60424		0	0
0	42	60474		0	0
0	42	60487	GG	0	0
0	42	60487	GT	0	0
0	42	60487	TG	0	0
0	42	60506		0	0
0	42	60532		0	0
0	42	60579	A	0	0
0	42	60579	C	0	0
0	42	60623		0	0
0	42	60654		0	0
0	42	60754		0	0
0	42	60776	ACTG	0	0
0	42	60776	GTCA	0	0
0	42	60894		0	0
0	42	60927		0	0
0	42	60956		0	0
0	42	60958		0	0
0	42	61080		0	0
0	42	61116		0	0
0	42	61127		0	0
0	42	61198	G	0	0
0	42	61198	T	0	0
0	42	61281	C	0	0
0	42	61281	G	0	0
0	42	61346		0	0
0	42	61377		0	0
0	42	61395	AT	0	0
0	42	61395	GC	0	0
0	42	61395	GT	0	0
0	42	61400		0	0
0	42	61553	C	0	0
0	42	61553	T	0	0
0	42	61689		0	0
0	42	61749	AT	0	0
0	42	61749	TC	0	0
0	42	61779		0	0
0	42	61785		0	0
0	42	61810		0	0
0	42	61835		0	0
0	42	61844		0	0
0	42	61912		0	0
0	42	62010		0	0
0	42	62048		0	0
0	42	62066		0	0
0	42	62069		0	0
0	42	62116		0	0
0	42	62172		0	0
0	42	62576	A	0	0
0	42	62576	T	0	0
0	42	62719	A	0	0
0	42	62719	C	0	0
0	42	62786	AGA	0	0
0	42	62786	AGG	0	0
0	42	62786	GAA	0	0
0	42	62786	GAG	0	0
0	42	62965	A	0	0
0	42	62965	G	0	0
0	42	62975	CAA	0	0
0	42	62975	TGC	0	0
0	42	63021	C	0	0
0	42	63021	G	0	0
0	42	63160		0	0
0	42	63207	A	0	0
0	42	63207	G	0	0
0	42	63236	G	0	0
0	42	63236	T	0	0
0	42	63284		0	0
0	42	63364		0	0
0	42	63691	G	0	0
0	42	63691	T	0	0
0	42	63759	AG	0	0
0	42	63759	GA	0	0
0	42	63849	C	0	0
0	42	63849	T	0	0
0	42	63920		0	0
0	42	63924		0	0
0	42	63940		0	0
0	42	63964	GA	0	0
0	42	63964	TT	0	0
0	42	64059		0	0
0	42	64089	A	0	0
0	42	64089	C	0	0
0	42	64272	GAGTACG	0	0
0	42	64272	TGATTTG	0	0
0	42	64385		0	0
0	42	64476	A	0	0
0	42	64476	C	0	0
0	42	64655		0	0
0	42	64746		0	0
0	42	64806		0	0
0	42	64823		0	0
0	42	64893		0	0
0	42	64936		0	0
0	42	64963		0	0
0	42	65240		0	0
0	42	65531		0	0
0	42	65543	CACCGT	0	0
0	42	65543	CATCGT	0	0
0	42	65543	CGCCGT	0	0
0	42	65543	TGCTAG	0	0
0	42	65562		0	0
0	42	65605		0	0
0	42	65649		0	0
0	42	65823		0	0
0	42	65832		0	0
0	42	65898	AGA	0	0
0	42	65898	AGT	0	0
0	42	65898	TAA	0	0
0	42	65943		0	0
0	42	66278		0	0
0	42	66309	G	0	0
0	42	66309	T	0	0
0	42	66455	ACTGCTGAT	0	0
0	42	66455	GCGGCTGCC	0	0
0	42	66455	GCGGCTGTT	0	0
0	42	66725		0	0
0	42	66772		0	0
0	42	66869		0	0
0	42	66974		0	0
0	42	66990	A	0	0
0	42	66990	G	0	0
0	42	66995		0	0
0	42	67045		0	0
0	42	67209		0	0
0	42	67269	A	0	0
0	42	67269	C	0	0
0	42	67460		0	0
0	42	67658		0	0
0	42	67751		0	0
0	42	67856		0	0
0	42	67945		0	0
0	42	68177		0	0
0	42	68191		0	0
0	42	68216	G	0	0
0	42	68216	T	0	0
0	42	68226		0	0
0	42	68327	AT	0	0
0	42	68327	GC	0	0
0	42	68409	CACC	0	0
0	42	68409	CGTC	0	0
0	42	68409	TACC	0	0
0	42	68409	TATA	0	0
0	42	68409	TATC	0	0
0	42	68409	TGCC	0	0
0	42	68424		0	0
0	42	68431		0	0
0	42	68501		0	0
0	42	68553	CA	0	0
0	42	68553	CC	0	0
0	42	68553	TC	0	0
0	42	68588		0	0
0	42	68880		0	0
0	42	68947		0	0
0	42	69257		0	0
0	42	69372		0	0
0	42	69448		0	0
0	42	69482		0	0
0	42	69566	AC	0	0
0	42	69566	TT	0	0
0	42	69777		0	0
0	42	69798	GAC	0	0
0	42	69798	GAT	0	0
0	42	69798	GGC	0	0
0	42	69798	TGC	0	0
0	42	69907		0	0
0	42	69990	A	0	0
0	42	69990	T	0	0
0	42	70004		0	0
0	42	70445		0	0
0	42	70490		0	0
0	42	70508		0	0
0	42	70512		0	0
0	42	70551		0	0
0	42	70552		0	0
0	42	70938		0	0
0	42	70986		0	0
0	42	71120		0	0
0	42	71480	C	0	0
0	42	71480	T	0	0
0	42	71534	A	0	0
0	42	71534	T	0	0
0	42	71559	G	0	0
0	42	71559	T	0	0
0	42	71790	C	0	0
0	42	71790	G	0	0
0	42	71795	AG	0	0
0	42	71795	GA	0	0
0	42	71795	GG	0	0
0	42	71956		0	0
0	42	72044		0	0
0	42	72155		0	0
0	42	72239		0	0
0	42	72348	ACTGA	0	0
0	42	72348	CCGAT	0	0
0	42	72572		0	0
0	42	72715		0	0
0	42	72750		0	0
0	42	72758	C	0	0
0	42	72758	T	0	0
0	42	72793		0	0
0	42	72938		0	0
0	42	73242		0	0
0	42	73615	AG	0	0
0	42	73615	GG	0	0
0	42	73615	GT	0	0
0	42	74191		0	0
0	42	74358		0	0
0	42	74441		0	0
0	42	74446		0	0
0	42	74466	G	0	0
0	42	74466	T	0	0
0	42	74763	C	0	0
0	42	74763	T	0	0
0	42	75008		0	0
0	42	75277		0	0
0	42	75286		0	0
0	42	75300		0	0
0	42	75514	CT	0	0
0	42	75514	GC	0	0
0	42	75551		0	0
0	42	75661		0	0
0	42	75981		0	0
0	42	76438	CA	0	0
0	42	76438	CC	0	0
0	42	76438	TC	0	0
0	42	77026		0	0
0	42	77894		0	0
0	42	78292		0	0
0	42	79231	A	0	0
0	42	79231	T	0	0
