stacks_SNP	contig	ignore	pos	match	lepname	mapname	LG
77634_60	c58618	0	60	58618	7821	58618	1
77188_24	c55748	0	24	55748	7173	55748	9
77044_77	c54753	0	77	54753	6913	54753	9
74869_29	c41049	0	29	41049	4183	41049	4
74752_65	c40299	0	65	40299	4055	40299	9
72285_74	c26090	0	74	26090	2463	26090_A	28
71381_81	c21086	0	81	21086	1846	21086	24
69435_81	c9993	0	81	9993	12122	9993	21
69397_54	c9952	0	54	9952	12120	9952	7
69360_27	c9909	0	27	9909	12108	9909	13
69318_51	c9858	0	51	9858	12100	9858	31
69301_38	c9840	0	38	9840	12096	9840	14
69300_73	c983	0	73	983	12093	983	10
69283_31	c9821	0	31	9821	12090	9821_C	0
69255_17	c9786	0	17	9786	12083	9786_A	35
69255_17	c9786	0	17	9786	12084	9786_E	6
69216_34	c9743	0	34	9743	12074	9743	19
69155_58	c9671	0	58	9671	12066	9671	35
69152_75	c9669	0	75	9669	12065	9669	1
69137_26	c9650	0	26	9650	12062	9650_A	21
69137_26	c9650	0	26	9650	12063	9650_C	34
69121_79	c9633	0	79	9633	12058	9633	9
69113_29	c9624	0	29	9624	12055	9624_A	37
69113_29	c9624	0	29	9624	12056	9624_C	0
69113_29	c9624	0	29	9624	12057	9624_E	0
69070_20	c9577	0	20	9577	12043	9577_A	19
69070_20	c9577	0	20	9577	12044	9577_C	11
69060_78	c9565	0	78	9565	12039	9565	36
69046_21	c9545	0	21	9545	12033	9545	6
68984_81	c9477	0	81	9477	12019	9477_E	11
68974_68	c9464	0	68	9464	12012	9464	1
68922_67	c9425	0	67	9425	12004	9425	22
68908_66	c9416	0	66	9416	12003	9416	5
68860_83	c9393	0	83	9393	11999	9393	30
68597_47	c9281	0	47	9281	11975	9281	31
68349_46	c9172	0	46	9172	11940	9172	32
68348_81	c9171	0	81	9171	11939	9171	18
68312_53	c9156	0	53	9156	11935	9156	31
68187_31	c9096	0	31	9096	11925	9096	0
68127_79	c9071	0	79	9071	11923	9071	9
68100_27	c9058	0	27	9058	11918	9058	11
67984_14	c900	0	14	900	11904	900	30
67773_32	c8906	0	32	8906	11885	8906	7
67694_83	c8864	0	83	8864	11879	8864	9
67645_22	c8842	0	22	8842	11870	8842	13
67527_35	c8789	0	35	8789	11854	8789	1
67521_20	c8786	0	20	8786	11853	8786	0
67502_27	c8779	0	27	8779	11850	8779_A	19
67444_61	c8753	0	61	8753	11842	8753_C	0
67444_61	c8753	0	61	8753	11843	8753_E	19
67414_52	c8738	0	52	8738	11837	8738_C	0
67394_47	c8729	0	47	8729	11831	8729_A	2
67394_47	c8729	0	47	8729	11832	8729_D	0
67394_47	c8729	0	47	8729	11833	8729_E	11
67183_36	c8624	0	36	8624	11789	8624	26
67181_58	c8623	0	58	8623	11788	8623	29
67026_55	c8556	0	55	8556	11765	8556	9
66972_32	c8534	0	32	8534	11754	8534	28
66674_49	c84905	0	49	84905	11736	84905	8
66581_11	c8480	0	11	8480	11732	8480_A	9
66147_83	c8432	0	83	8432	11713	8432	12
65672_33	c8382	0	33	8382	11690	8382	0
65113_67	c8324	0	67	8324	11674	8324	2
65017_35	c8314	0	35	8314	11671	8314	21
64361_65	c8243	0	65	8243	11645	8243	18
64210_29	c8227	0	29	8227	11641	8227	21
62914_34	c808	0	34	808	11576	808_A	0
62914_34	c808	0	34	808	11577	808_C	0
62914_34	c808	0	34	808	11578	808_E	0
61744_38	c7966	0	38	7966	11533	7966	10
61323_68	c79228	0	68	79228	11507	79228	5
61254_26	c79161	0	26	79161	11496	79161	27
61210_30	c79115	0	30	79115	11486	79115	2
61177_53	c7907	0	53	7907	11481	7907_C	0
61145_75	c79046	0	75	79046	11474	79046	9
61103_14	c7899	0	14	7899	11466	7899	32
60905_60	c78799	0	60	78799	11437	78799	13
60896_55	c7878	0	55	7878	11434	7878	13
60709_9	c78598	0	9	78598	11402	78598	12
60702_32	c78590	0	32	78590	11399	78590	20
60692_48	c7857	0	48	7857	11397	7857	1
60425_22	c7828	0	22	7828	11349	7828	35
60345_59	c781	0	59	781	11324	781	15
60121_49	c77971	0	49	77971	11303	77971	14
60099_75	c77946	0	75	77946	11300	77946	19
59997_6	c7783	0	6	7783	11279	7783	33
59862_47	c7769	0	47	7769	11252	7769	1
59836_16	c7766	0	16	7766	11248	7766	5
59825_81	c7765	0	81	7765	11247	7765_C	27
59714_21	c77550	0	21	77550	11231	77550	5
59549_77	c7737	0	77	7737	11207	7737_A	35
59529_7	c7735	0	7	7735	11200	7735	17
59470_77	c77296	0	77	77296	11191	77296	13
59454_31	c7727	0	31	7727	11186	7727_E	19
59173_42	c76984	0	42	76984	11131	76984	32
59172_25	c76983	0	25	76983	11130	76983	19
59089_64	c7689	0	64	7689	11118	7689_A	11
59089_64	c7689	0	64	7689	11119	7689_E	0
59026_15	c76835	0	15	76835	11110	76835	13
58976_13	c76776	0	13	76776	11102	76776	12
58962_81	c76761	0	81	76761	11099	76761	4
58869_54	c7664	0	54	7664	11082	7664	6
58838_19	c7661	0	19	7661	11076	7661	0
58814_48	c76594	0	48	76594	11074	76594_E	10
58767_37	c76544	0	37	76544	11069	76544	30
58740_43	c76516	0	43	76516	11065	76516_C	20
58740_43	c76516	0	43	76516	11066	76516_E	1
58694_10	c76464	0	10	76464	11057	76464	26
58677_8	c76438	0	8	76438	11052	76438_A	11
58675_50	c76435	0	50	76435	11051	76435_C	23
58592_46	c76338	0	46	76338	11042	76338	7
58590_81	c76333	0	81	76333	11040	76333	24
58581_83	c76324	0	83	76324	11039	76324	32
58527_50	c76265	0	50	76265	11033	76265	32
58509_13	c76245	0	13	76245	11031	76245	14
58504_74	c76237	0	74	76237	11028	76237	9
58491_79	c76224	0	79	76224	11026	76224	24
58376_54	c76101	0	54	76101	11005	76101	12
58279_38	c75994	0	38	75994	10997	75994	19
58269_78	c75982	0	78	75982	10996	75982	18
58258_74	c75968	0	74	75968	10990	75968	24
58237_38	c75942	0	38	75942	10988	75942	3
58192_30	c7588	0	30	7588	10979	7588	0
58176_69	c7586	0	69	7586	10974	7586	23
58095_11	c75777	0	11	75777	10960	75777	13
58074_74	c75751	0	74	75751	10957	75751	4
58063_76	c75739	0	76	75739	10952	75739	3
57967_8	c75629	0	8	75629	10935	75629	33
57910_74	c75564	0	74	75564	10926	75564	3
57897_77	c75551	0	77	75551	10924	75551_A	0
57721_78	c75318	0	78	75318	10895	75318	35
57618_74	c75207	0	74	75207	10880	75207	30
57540_70	c75122	0	70	75122	10869	75122	26
57486_17	c75061	0	17	75061	10863	75061	32
57475_22	c75045	0	22	75045	10862	75045	3
57417_35	c74983	0	35	74983	10856	74983	24
57383_61	c74945	0	61	74945	10852	74945	30
57358_37	c74919	0	37	74919	10847	74919	17
57330_46	c74888	0	46	74888	10840	74888	2
57279_61	c74831	0	61	74831	10833	74831	3
57268_21	c7481	0	21	7481	10829	7481	14
57217_16	c74763	0	16	74763	10825	74763_A	19
57217_16	c74763	0	16	74763	10826	74763_C	11
57192_73	c74732	0	73	74732	10821	74732	10
57118_61	c74643	0	61	74643	10810	74643	6
57034_57	c74553	0	57	74553	10799	74553	9
56985_35	c74497	0	35	74497	10788	74497	0
56955_74	c74466	0	74	74466	10784	74466_A	27
56948_77	c74459	0	77	74459	10783	74459	6
56720_46	c74192	0	46	74192	10748	74192_E	28
56711_42	c74183	0	42	74183	10744	74183	9
56691_29	c74161	0	29	74161	10740	74161	11
56672_58	c74139	0	58	74139	10736	74139_C	0
56672_58	c74139	0	58	74139	10737	74139_E	7
56650_65	c74115	0	65	74115	10729	74115_C	3
56645_62	c74109	0	62	74109	10726	74109	26
56600_13	c74055	0	13	74055	10720	74055	17
56548_36	c7399	0	36	7399	10711	7399	13
56545_27	c73997	0	27	73997	10714	73997	1
56477_36	c73906	0	36	73906	10702	73906	19
56455_15	c7387	0	15	7387	10694	7387	16
56452_78	c73877	0	78	73877	10695	73877	12
56442_80	c73865	0	80	73865	10693	73865	6
56382_51	c73792	0	51	73792	10682	73792_E	0
56371_6	c73781	0	6	73781	10680	73781	11
56247_33	c73649	0	33	73649	10662	73649	3
56222_49	c73621	0	49	73621	10658	73621	36
56105_70	c73480	0	70	73480	10633	73480	6
56021_82	c7337	0	82	7337	10621	7337	23
55980_79	c73332	0	79	73332	10615	73332_E	2
55946_51	c73291	0	51	73291	10606	73291	1
55937_34	c73280	0	34	73280	10602	73280	8
55886_35	c7321	0	35	7321	10589	7321_A	19
55855_74	c73187	0	74	73187	10585	73187	29
55852_31	c73184	0	31	73184	10584	73184	8
55649_9	c72947	0	9	72947	10549	72947	25
55635_20	c72931	0	20	72931	10546	72931	12
55631_35	c72927	0	35	72927	10544	72927	10
55608_51	c7289	0	51	7289	10538	7289	4
55536_25	c72812	0	25	72812	10530	72812	33
55504_69	c72777	0	69	72777	10523	72777	11
55501_68	c72774	0	68	72774	10522	72774_E	12
55486_75	c72758	0	75	72758	10519	72758_A	11
55486_75	c72758	0	75	72758	10520	72758_B	19
55473_10	c72740	0	10	72740	10514	72740	4
55435_28	c72695	0	28	72695	10506	72695	8
55431_63	c72690	0	63	72690	10505	72690	11
55417_33	c72673	0	33	72673	10504	72673	31
55315_36	c72552	0	36	72552	10487	72552	23
55300_82	c72532	0	82	72532	10484	72532	21
55280_64	c72505	0	64	72505	10480	72505	2
55204_55	c72416	0	55	72416	10472	72416	26
55203_58	c72415	0	58	72415	10471	72415	25
55190_36	c723	0	36	723	10451	723	4
55186_26	c72396	0	26	72396	10466	72396	28
55159_46	c72360	0	46	72360	10461	72360	32
55139_9	c72334	0	9	72334	10456	72334_C	0
55139_9	c72334	0	9	72334	10457	72334_E	0
55099_42	c72297	0	42	72297	10450	72297	28
55048_61	c72236	0	61	72236	10440	72236	23
55042_27	c7222	0	27	7222	10434	7222	4
55037_71	c72224	0	71	72224	10435	72224	33
55015_37	c72195	0	37	72195	10430	72195	15
54985_52	c72163	0	52	72163	10428	72163	15
54964_75	c72141	0	75	72141	10424	72141	5
54948_55	c72123	0	55	72123	10422	72123	10
54885_22	c72048	0	22	72048	10410	72048	21
54878_67	c7203	0	67	7203	10407	7203	2
54784_63	c71935	0	63	71935	10393	71935	9
54762_46	c71906	0	46	71906	10391	71906	4
54666_82	c71795	0	82	71795	10370	71795_A	35
54666_82	c71795	0	82	71795	10371	71795_C	0
54663_12	c71790	0	12	71790	10368	71790_A	25
54641_61	c71762	0	61	71762	10363	71762	9
54622_38	c71738	0	38	71738	10357	71738_C	0
54622_38	c71738	0	38	71738	10358	71738_E	0
54620_45	c71736	0	45	71736	10356	71736	2
54566_45	c71676	0	45	71676	10345	71676	13
54555_82	c71661	0	82	71661	10342	71661	2
54472_78	c71567	0	78	71567	10322	71567	33
54449_6	c71534	0	6	71534	10313	71534	2
54449_6	c71534	0	6	71534	10314	71534	11
54365_17	c71437	0	17	71437	10298	71437	30
54347_19	c71418	0	19	71418	10296	71418	11
54290_58	c71357	0	58	71357	10284	71357	19
54246_72	c71312	0	72	71312	10275	71312	1
54161_12	c71219	0	12	71219	10263	71219	1
54142_47	c71196	0	47	71196	10259	71196	6
54129_22	c71183	0	22	71183	10258	71183_E	0
53974_44	c7100	0	44	7100	10231	7100	16
53904_19	c70930	0	19	70930	10219	70930	10
53887_22	c70915	0	22	70915	10216	70915	34
53730_7	c7072	0	7	7072	10193	7072	19
53717_30	c70715	0	30	70715	10191	70715	6
53603_13	c70584	0	13	70584	10169	70584	9
53581_66	c70558	0	66	70558	10165	70558	1
53558_19	c70532	0	19	70532	10158	70532	8
53551_63	c70522	0	63	70522	10156	70522	14
53540_10	c70508	0	10	70508	10152	70508_A	11
53509_22	c70477	0	22	70477	10148	70477	1
53490_29	c70457	0	29	70457	10145	70457	5
53488_60	c70455	0	60	70455	10144	70455	15
53484_38	c7044	0	38	7044	10141	7044	5
53475_23	c7043	0	23	7043	10139	7043	0
53396_47	c7034	0	47	7034	10126	7034_A	37
53340_22	c70287	0	22	70287	10117	70287	20
53230_38	c7015	0	38	7015	10096	7015	32
53203_73	c70129	0	73	70129	10091	70129	6
53182_17	c70106	0	17	70106	10085	70106	21
53181_58	c70105	0	58	70105	10084	70105	13
53171_73	c70093	0	73	70093	10082	70093	17
53079_83	c69990	0	83	69990	10074	69990_A	35
53079_83	c69990	0	83	69990	10075	69990_E	6
53050_52	c69955	0	52	69955	10067	69955	7
53032_13	c6992	0	13	6992	10060	6992	18
52984_76	c69876	0	76	69876	10049	69876	8
52982_28	c69873	0	28	69873	10048	69873	25
52939_67	c69817	0	67	69817	10046	69817	0
52937_76	c69815	0	76	69815	10045	69815	23
52921_26	c69798	0	26	69798	10042	69798_A	11
52921_26	c69798	0	26	69798	10043	69798_C	0
52909_82	c6977	0	82	6977	10035	6977	6
52856_25	c69717	0	25	69717	10024	69717	4
52852_63	c69711	0	63	69711	10021	69711	32
52747_36	c69598	0	36	69598	10006	69598	5
52720_54	c69566	0	54	69566	10002	69566	7
52708_9	c69552	0	9	69552	10000	69552	2
52660_18	c69499	0	18	69499	9990	69499	17
52579_80	c69395	0	80	69395	9975	69395	28
52576_36	c69392	0	36	69392	9974	69392	5
52453_32	c69257	0	32	69257	9951	69257_A	35
52434_36	c69231	0	36	69231	9947	69231	16
52401_71	c6918	0	71	6918	9935	6918	0
52360_68	c69142	0	68	69142	9932	69142	26
52247_63	c69021	0	63	69021	9913	69021	0
52216_71	c68990	0	71	68990	9906	68990	34
52176_63	c68947	0	63	68947	9901	68947_A	11
52150_6	c68918	0	6	68918	9894	68918	16
52138_50	c68903	0	50	68903	9892	68903_E	12
52135_15	c688	0	15	688	9879	688	20
52090_6	c68846	0	6	68846	9882	68846_E	12
52062_49	c68813	0	49	68813	9880	68813	13
52015_20	c68764	0	20	68764	9871	68764	28
51983_61	c68733	0	61	68733	9865	68733	2
51982_83	c68732	0	83	68732	9864	68732	21
51967_69	c68719	0	69	68719	9862	68719	23
51953_6	c68703	0	6	68703	9858	68703	18
51934_30	c68679	0	30	68679	9856	68679	32
51933_76	c68678	0	76	68678	9855	68678	15
51929_10	c68673	0	10	68673	9854	68673	29
51848_29	c68575	0	29	68575	9847	68575_E	0
51825_68	c6854	0	68	6854	9845	6854_A	20
51823_50	c68548	0	50	68548	9844	68548	2
51789_48	c68511	0	48	68511	9839	68511	0
51773_36	c68497	0	36	68497	9833	68497	8
51764_31	c68488	0	31	68488	9832	68488	8
51733_10	c68449	0	10	68449	9824	68449	22
51711_46	c68424	0	46	68424	9818	68424_A	30
51690_45	c68402	0	45	68402	9815	68402	3
51679_18	c68393	0	18	68393	9812	68393	5
51553_80	c68235	0	80	68235	9790	68235	3
51537_52	c68216	0	52	68216	9787	68216_A	11
51495_31	c68171	0	31	68171	9783	68171	23
51455_37	c68124	0	37	68124	9781	68124	3
51429_13	c68091	0	13	68091	9772	68091	1
51412_61	c68074	0	61	68074	9769	68074	32
51388_64	c68044	0	64	68044	9766	68044	16
51359_17	c68013	0	17	68013	9760	68013	21
51290_82	c67945	0	82	67945	9743	67945	3
51262_24	c67913	0	24	67913	9738	67913	1
51236_80	c67887	0	80	67887	9737	67887	11
51201_58	c67849	0	58	67849	9731	67849	35
51172_52	c67810	0	52	67810	9726	67810	18
51168_40	c67803	0	40	67803	9724	67803	14
51150_56	c67787	0	56	67787	9720	67787	0
51149_57	c67786	0	57	67786	9719	67786	15
51076_6	c67703	0	6	67703	9703	67703	31
51072_55	c6769	0	55	6769	9701	6769	22
50997_7	c67612	0	7	67612	9691	67612	36
50910_27	c67514	0	27	67514	9679	67514	9
50899_71	c67502	0	71	67502	9677	67502	2
50855_63	c67454	0	63	67454	9671	67454	34
50851_61	c67448	0	61	67448	9670	67448	34
50850_44	c67446	0	44	67446	9669	67446	7
50841_71	c67434	0	71	67434	9667	67434	16
50827_20	c67416	0	20	67416	9665	67416	26
50799_24	c67388	0	24	67388	9658	67388	16
50784_65	c67369	0	65	67369	9655	67369	1
50772_12	c67356	0	12	67356	9653	67356	5
50768_62	c67352	0	62	67352	9652	67352	31
50745_49	c67325	0	49	67325	9648	67325	2
50706_55	c67281	0	55	67281	9643	67281	4
50695_83	c67269	0	83	67269	9639	67269	2
50690_18	c67263	0	18	67263	9638	67263	12
50688_17	c67261	0	17	67261	9637	67261	1
50686_15	c6725	0	15	6725	9635	6725	10
50614_43	c67171	0	43	67171	9617	67171	16
50573_55	c67124	0	55	67124	9610	67124	0
50554_58	c670	0	58	670	9592	670	24
50539_50	c67082	0	50	67082	9604	67082_C	0
50533_31	c67071	0	31	67071	9602	67071	11
50495_36	c67028	0	36	67028	9597	67028	9
50466_11	c67001	0	11	67001	9593	67001	7
50457_72	c66990	0	72	66990	9588	66990_A	19
50456_39	c6698	0	39	6698	9587	6698_E	0
50440_71	c66973	0	71	66973	9582	66973_E	19
50336_80	c66851	0	80	66851	9556	66851	26
50293_75	c66801	0	75	66801	9548	66801	25
50280_55	c66785	0	55	66785	9543	66785	4
50210_31	c66706	0	31	66706	9529	66706	24
50171_63	c6665	0	63	6665	9521	6665	22
50150_66	c66632	0	66	66632	9519	66632	0
50067_60	c66537	0	60	66537	9503	66537	32
50045_56	c66515	0	56	66515	9500	66515_C	0
50045_56	c66515	0	56	66515	9501	66515_E	0
50032_9	c66501	0	9	66501	9498	66501	6
49906_74	c66363	0	74	66363	9480	66363	28
49856_64	c66305	0	64	66305	9468	66305	2
49815_53	c66263	0	53	66263	9463	66263	19
49759_77	c66199	0	77	66199	9459	66199	16
49744_36	c66182	0	36	66182	9457	66182	6
49707_13	c66141	0	13	66141	9451	66141	10
49702_26	c66135	0	26	66135	9449	66135	6
49676_52	c66102	0	52	66102	9446	66102	8
49660_23	c66081	0	23	66081	9441	66081	7
49604_40	c66017	0	40	66017	9430	66017	0
49592_13	c66005	0	13	66005	9428	66005	26
49575_72	c6598	0	72	6598	9425	6598	15
49557_55	c65971	0	55	65971	9424	65971	21
49548_14	c65963	0	14	65963	9422	65963	4
49534_35	c65950	0	35	65950	9418	65950	11
49523_34	c6593	0	34	6593	9411	6593	24
49519_59	c65935	0	59	65935	9413	65935	22
49496_42	c65909	0	42	65909	9407	65909_E	11
49486_47	c65898	0	47	65898	9405	65898_A	0
49451_45	c65860	0	45	65860	9398	65860	1
49421_26	c65823	0	26	65823	9388	65823_A	11
49399_82	c657	0	82	657	9361	657	25
49359_54	c65755	0	54	65755	9374	65755	23
49341_74	c65735	0	74	65735	9369	65735	31
49306_16	c65698	0	16	65698	9360	65698	9
49285_55	c65673	0	55	65673	9354	65673	25
49261_32	c65644	0	32	65644	9345	65644	10
49259_37	c65642	0	37	65642	9344	65642	10
49227_49	c65608	0	49	65608	9335	65608	16
49217_9	c65599	0	9	65599	9332	65599	17
49180_18	c65553	0	18	65553	9325	65553	1
49150_45	c6551	0	45	6551	9310	6551	18
49146_50	c65513	0	50	65513	9312	65513	4
49115_31	c65477	0	31	65477	9301	65477_C	0
49115_31	c65477	0	31	65477	9302	65477_E	6
49109_57	c65470	0	57	65470	9300	65470	1
49082_10	c65433	0	10	65433	9295	65433_E	11
49044_13	c65398	0	13	65398	9290	65398	14
49018_43	c65369	0	43	65369	9281	65369	16
49016_83	c65367	0	83	65367	9280	65367	16
49009_71	c6535	0	71	6535	9277	6535	8
48998_47	c65345	0	47	65345	9275	65345	9
48984_68	c6532	0	68	6532	9267	6532_A	0
48984_68	c6532	0	68	6532	9268	6532_B	0
48984_68	c6532	0	68	6532	9269	6532_C	28
48984_68	c6532	0	68	6532	9270	6532_D	28
48984_68	c6532	0	68	6532	9271	6532_E	10
48984_68	c6532	0	68	6532	9272	6532_F	28
48980_44	c65325	0	44	65325	9265	65325	15
48934_17	c65263	0	17	65263	9257	65263	2
48927_29	c65255	0	29	65255	9254	65255	3
48917_63	c6523	0	63	6523	9240	6523	31
48893_75	c65210	0	75	65210	9236	65210	16
48884_21	c65200	0	21	65200	9233	65200	34
48844_46	c65156	0	46	65156	9229	65156	12
48797_55	c6509	0	55	6509	9217	6509	3
48791_8	c65092	0	8	65092	9219	65092	6
48788_15	c65086	0	15	65086	9216	65086	10
48763_36	c65057	0	36	65057	9212	65057	11
48754_77	c65044	0	77	65044	9208	65044	4
48681_66	c64962	0	66	64962	9188	64962_E	26
48640_12	c64916	0	12	64916	9178	64916	15
48626_14	c648	0	14	648	9149	648	8
48607_19	c64881	0	19	64881	9171	64881	26
48602_29	c64875	0	29	64875	9167	64875	23
48543_62	c64801	0	62	64801	9150	64801	1
48455_40	c6469	0	40	6469	9129	6469	8
48452_50	c64697	0	50	64697	9130	64697	21
48384_47	c6461	0	47	6461	9112	6461	13
48374_45	c64609	0	45	64609	9111	64609	9
48351_48	c64586	0	48	64586	9107	64586	34
48280_55	c64502	0	55	64502	9087	64502_E	17
48269_51	c64490	0	51	64490	9086	64490	23
48257_17	c64476	0	17	64476	9082	64476_A	12
48257_17	c64476	0	17	64476	9083	64476_C	0
48142_35	c64332	0	35	64332	9053	64332	23
48117_19	c64299	0	19	64299	9049	64299	3
48113_69	c64293	0	69	64293	9046	64293	4
48026_12	c6418	0	12	6418	9025	6418	20
48025_72	c64189	0	72	64189	9027	64189	29
47957_48	c64103	0	48	64103	9006	64103	9
47913_74	c64058	0	74	64058	8994	64058	0
47885_54	c64020	0	54	64020	8988	64020	0
47852_53	c63986	0	53	63986	8981	63986	34
47820_13	c63948	0	13	63948	8972	63948	2
47802_49	c63924	0	49	63924	8964	63924_A	13
47800_14	c63921	0	14	63921	8962	63921	5
47775_27	c63897	0	27	63897	8955	63897	0
47716_21	c6382	0	21	6382	8941	6382	5
47711_64	c63824	0	64	63824	8943	63824	23
47709_62	c63821	0	62	63821	8942	63821	16
47707_10	c63819	0	10	63819	8940	63819	2
47670_46	c63778	0	46	63778	8937	63778	20
47660_57	c63769	0	57	63769	8935	63769	30
47644_80	c63751	0	80	63751	8929	63751	0
47644_80	c63751	0	80	63751	8930	63751	0
47623_12	c63723	0	12	63723	8923	63723	7
47562_49	c63656	0	49	63656	8913	63656	4
47552_37	c63647	0	37	63647	8911	63647	22
47505_75	c6359	0	75	6359	8897	6359	14
47499_51	c63593	0	51	63593	8898	63593_E	0
47471_28	c63563	0	28	63563	8892	63563	8
47449_24	c6353	0	24	6353	8884	6353	29
47439_14	c63529	0	14	63529	8883	63529_C	0
47427_56	c63517	0	56	63517	8878	63517_C	0
47427_56	c63517	0	56	63517	8879	63517_D	0
47427_56	c63517	0	56	63517	8880	63517_E	0
47404_60	c63492	0	60	63492	8875	63492	0
47396_75	c63482	0	75	63482	8869	63482	37
47379_41	c6345	0	41	6345	8866	6345	32
47367_36	c63447	0	36	63447	8865	63447	6
47344_73	c63419	0	73	63419	8858	63419	21
47324_26	c63399	0	26	63399	8855	63399	28
47293_19	c63364	0	19	63364	8850	63364_A	3
47153_59	c63207	0	59	63207	8824	63207	6
47147_48	c631	0	48	631	8797	631	2
47121_71	c6316	0	71	6316	8817	6316	5
47118_14	c63167	0	14	63167	8819	63167	30
47110_80	c63159	0	80	63159	8816	63159	21
47097_53	c63147	0	53	63147	8810	63147	6
47094_7	c63143	0	7	63143	8808	63143	26
47076_78	c63122	0	78	63122	8806	63122	30
47060_44	c63105	0	44	63105	8799	63105	17
47057_34	c63102	0	34	63102	8798	63102	10
47045_41	c63089	0	41	63089	8793	63089	30
47042_60	c63086	0	60	63086	8792	63086_E	0
47012_32	c63053	0	32	63053	8784	63053	18
47003_61	c63044	0	61	63044	8782	63044	30
46997_66	c63038	0	66	63038	8781	63038	19
46985_71	c63021	0	71	63021	8777	63021_A	9
46938_46	c62965	0	46	62965	8765	62965	27
46935_71	c62960	0	71	62960	8764	62960	34
46929_53	c62951	0	53	62951	8763	62951	4
46927_73	c6294	0	73	6294	8761	6294	10
46919_11	c62939	0	11	62939	8760	62939	11
46907_69	c62927	0	69	62927	8757	62927	9
46904_83	c62924	0	83	62924	8756	62924	6
46877_11	c6288	0	11	6288	8749	6288	28
46866_60	c62872	0	60	62872	8747	62872	20
46857_13	c62860	0	13	62860	8744	62860	36
46844_24	c62847	0	24	62847	8740	62847	5
46814_11	c62813	0	11	62813	8733	62813	2
46804_39	c62804	0	39	62804	8731	62804	20
46778_36	c62779	0	36	62779	8726	62779	3
46723_53	c62719	0	53	62719	8717	62719_A	19
46708_11	c6269	0	11	6269	8711	6269	13
46678_29	c62659	0	29	62659	8705	62659	13
46668_47	c62647	0	47	62647	8698	62647	20
46629_38	c62603	0	38	62603	8694	62603	2
46612_30	c62581	0	30	62581	8690	62581	24
46608_17	c62576	0	17	62576	8688	62576_B	17
46608_17	c62576	0	17	62576	8689	62576_C	0
46600_83	c62563	0	83	62563	8686	62563	20
46570_63	c62524	0	63	62524	8678	62524	10
46551_32	c62502	0	32	62502	8676	62502	15
46541_32	c62490	0	32	62490	8673	62490	1
46448_41	c62384	0	41	62384	8654	62384_E	0
46415_29	c62343	0	29	62343	8642	62343	30
46391_75	c62315	0	75	62315	8639	62315	32
46353_10	c62272	0	10	62272	8629	62272	24
46307_46	c62226	0	46	62226	8619	62226	36
46261_23	c62182	0	23	62182	8610	62182	8
46253_66	c62172	0	66	62172	8604	62172_A	0
46253_66	c62172	0	66	62172	8605	62172_B	7
46253_66	c62172	0	66	62172	8606	62172_E	36
46196_11	c62112	0	11	62112	8597	62112	18
46162_39	c62079	0	39	62079	8587	62079_E	27
46142_34	c62057	0	34	62057	8579	62057	28
46121_38	c62032	0	38	62032	8573	62032	23
46096_62	c62005	0	62	62005	8568	62005	23
46037_71	c61941	0	71	61941	8559	61941	23
45969_69	c61862	0	69	61862	8542	61862	15
45926_49	c61807	0	49	61807	8528	61807	21
45925_50	c61806	0	50	61806	8527	61806	37
45920_50	c61800	0	50	61800	8524	61800	28
45919_28	c61799	0	28	61799	8522	61799	20
45895_52	c61769	0	52	61769	8517	61769	15
45888_64	c6175	0	64	6175	8511	6175	32
45850_65	c61717	0	65	61717	8505	61717	6
45815_56	c61678	0	56	61678	8497	61678	0
45813_83	c61675	0	83	61675	8496	61675_E	0
45801_79	c61659	0	79	61659	8494	61659	20
45768_68	c61625	0	68	61625	8489	61625	1
45765_50	c61622	0	50	61622	8488	61622	11
45712_38	c61560	0	38	61560	8476	61560	8
45691_68	c6153	0	68	6153	8469	6153	3
45592_60	c61435	0	60	61435	8455	61435	4
45588_25	c61431	0	25	61431	8454	61431	7
45566_30	c61407	0	30	61407	8445	61407	5
45558_42	c61395	0	42	61395	8441	61395_A	7
45558_42	c61395	0	42	61395	8442	61395_B	36
45558_42	c61395	0	42	61395	8443	61395_C	0
45549_65	c61387	0	65	61387	8439	61387	6
45541_10	c61378	0	10	61378	8437	61378_E	0
45540_81	c61377	0	81	61377	8436	61377	11
45525_47	c61361	0	47	61361	8434	61361	11
45505_83	c61340	0	83	61340	8427	61340	18
45497_35	c61330	0	35	61330	8421	61330	16
45476_38	c61305	0	38	61305	8417	61305	1
45463_41	c6128	0	41	6128	8414	6128	2
45403_40	c61225	0	40	61225	8407	61225	29
45340_17	c61159	0	17	61159	8392	61159_E	6
45261_20	c61067	0	20	61067	8372	61067	1
45197_23	c61000	0	23	61000	8360	61000	8
45168_11	c60969	0	11	60969	8354	60969	3
45157_39	c60956	0	39	60956	8349	60956_A	11
45157_39	c60956	0	39	60956	8350	60956_C	19
45144_35	c60939	0	35	60939	8345	60939	29
45109_70	c60901	0	70	60901	8339	60901	9
45102_66	c60894	0	66	60894	8336	60894	12
45102_66	c60894	0	66	60894	8337	60894	27
45081_60	c60868	0	60	60868	8328	60868	29
44951_8	c6070	0	8	6070	8300	6070	6
44950_22	c60709	0	22	60709	8302	60709	23
44929_71	c60687	0	71	60687	8297	60687_E	7
44925_58	c60681	0	58	60681	8294	60681	1
44907_48	c60658	0	48	60658	8291	60658	9
44899_24	c60650	0	24	60650	8288	60650	6
44885_12	c60637	0	12	60637	8284	60637_E	0
44810_41	c60553	0	41	60553	8265	60553	1
44762_73	c6049	0	73	6049	8249	6049	8
44751_74	c60487	0	74	60487	8248	60487	11
44698_33	c60427	0	33	60427	8237	60427	0
44647_24	c60360	0	24	60360	8218	60360	6
44614_75	c60321	0	75	60321	8205	60321	7
44603_7	c60308	0	7	60308	8203	60308	9
44602_49	c60307	0	49	60307	8202	60307	26
44569_40	c60274	0	40	60274	8198	60274	0
44557_25	c60261	0	25	60261	8196	60261	13
44543_82	c60247	0	82	60247	8191	60247	15
44533_25	c60236	0	25	60236	8190	60236	12
44506_13	c60204	0	13	60204	8176	60204	10
44476_18	c60171	0	18	60171	8173	60171	24
44440_71	c60136	0	71	60136	8165	60136	5
44437_20	c60133	0	20	60133	8162	60133_A	0
44437_20	c60133	0	20	60133	8163	60133_E	0
44431_44	c60128	0	44	60128	8160	60128	37
44396_68	c60094	0	68	60094	8152	60094	6
44337_55	c60027	0	55	60027	8143	60027	22
44320_36	c60005	0	36	60005	8137	60005_A	10
44320_36	c60005	0	36	60005	8138	60005_E	28
44280_31	c59960	0	31	59960	8124	59960	15
44266_13	c59946	0	13	59946	8120	59946	7
44185_39	c59856	0	39	59856	8101	59856	12
44176_61	c59848	0	61	59848	8100	59848	26
44172_32	c59844	0	32	59844	8099	59844	1
44105_57	c59767	0	57	59767	8078	59767	11
44097_54	c5975	0	54	5975	8077	5975_E	6
44080_31	c59739	0	31	59739	8073	59739_A	11
44080_31	c59739	0	31	59739	8074	59739_E	19
43939_12	c59575	0	12	59575	8046	59575	6
43924_24	c59560	0	24	59560	8044	59560	7
43909_47	c59544	0	47	59544	8038	59544_A	6
43909_47	c59544	0	47	59544	8039	59544_B	35
43909_47	c59544	0	47	59544	8040	59544_C	0
43886_59	c59519	0	59	59519	8031	59519	3
43879_33	c59510	0	33	59510	8029	59510	17
43863_64	c59491	0	64	59491	8026	59491_A	19
43826_38	c59442	0	38	59442	8021	59442	33
43814_74	c5942	0	74	5942	8016	5942	22
43786_52	c59398	0	52	59398	8009	59398	18
43777_21	c59385	0	21	59385	8007	59385	5
43772_44	c5937	0	44	5937	8004	5937	20
43713_30	c59316	0	30	59316	7994	59316_A	4
43708_54	c59309	0	54	59309	7992	59309_A	21
43668_46	c59267	0	46	59267	7987	59267	5
43666_13	c59265	0	13	59265	7985	59265	35
43663_28	c59262	0	28	59262	7984	59262	8
43660_28	c59258	0	28	59258	7982	59258	10
43653_69	c5924	0	69	5924	7979	5924	10
43642_53	c59238	0	53	59238	7976	59238	24
43610_35	c59205	0	35	59205	7966	59205	10
43591_68	c59181	0	68	59181	7958	59181	14
43570_52	c59158	0	52	59158	7955	59158	33
43554_9	c59142	0	9	59142	7949	59142	12
43553_81	c59141	0	81	59141	7948	59141	3
43542_41	c59126	0	41	59126	7945	59126_A	20
43529_34	c59111	0	34	59111	7941	59111	11
43491_70	c59068	0	70	59068	7929	59068	27
43466_10	c59040	0	10	59040	7923	59040	32
43450_11	c59023	0	11	59023	7918	59023	18
43435_9	c59008	0	9	59008	7912	59008_C	34
43427_62	c59000	0	62	59000	7908	59000	31
43425_23	c5899	0	23	5899	7904	5899	25
43398_23	c58973	0	23	58973	7899	58973	22
43389_69	c58965	0	69	58965	7898	58965	0
43333_75	c58902	0	75	58902	7880	58902	7
43331_38	c58900	0	38	58900	7878	58900_B	7
43331_38	c58900	0	38	58900	7879	58900_E	0
43318_48	c58885	0	48	58885	7875	58885_E	6
43311_23	c58878	0	23	58878	7873	58878	24
43303_75	c5886	0	75	5886	7870	5886	22
43291_8	c58855	0	8	58855	7867	58855	3
43193_22	c58743	0	22	58743	7848	58743	10
43183_10	c58726	0	10	58726	7845	58726_A	22
43163_7	c58700	0	7	58700	7843	58700_A	27
43155_61	c58692	0	61	58692	7840	58692	31
43145_20	c58679	0	20	58679	7834	58679_A	36
43145_20	c58679	0	20	58679	7835	58679_B	36
43145_20	c58679	0	20	58679	7836	58679_D	36
43145_20	c58679	0	20	58679	7837	58679_E	36
43107_74	c58631	0	74	58631	7824	58631_A	6
43107_74	c58631	0	74	58631	7825	58631_C	0
43061_46	c58583	0	46	58583	7812	58583	28
43057_12	c5857	0	12	5857	7808	5857	24
43043_10	c58564	0	10	58564	7805	58564	9
43017_62	c58535	0	62	58535	7800	58535	2
42989_49	c58505	0	49	58505	7793	58505	15
42958_65	c58465	0	65	58465	7782	58465	36
42955_58	c5845	0	58	5845	7780	5845	5
42909_51	c58407	0	51	58407	7772	58407	14
42861_38	c58349	0	38	58349	7759	58349	9
42851_12	c58337	0	12	58337	7756	58337	13
42799_37	c58283	0	37	58283	7744	58283_C	0
42791_45	c58274	0	45	58274	7740	58274	16
42786_30	c58269	0	30	58269	7739	58269	15
42774_10	c58257	0	10	58257	7735	58257	8
42729_30	c58209	0	30	58209	7727	58209	0
42711_11	c58192	0	11	58192	7724	58192	10
42690_61	c58169	0	61	58169	7714	58169	14
42675_40	c58152	0	40	58152	7711	58152	26
42667_70	c58142	0	70	58142	7708	58142	33
42663_61	c58137	0	61	58137	7706	58137	22
42662_7	c58135	0	7	58135	7702	58135_A	19
42576_17	c58051	0	17	58051	7682	58051	25
42501_52	c57961	0	52	57961	7662	57961	4
42487_23	c57945	0	23	57945	7657	57945	13
42483_28	c57940	0	28	57940	7656	57940	25
42451_56	c57908	0	56	57908	7642	57908	4
42446_55	c57902	0	55	57902	7641	57902_C	0
42381_16	c57828	0	16	57828	7627	57828	12
42355_79	c5779	0	79	5779	7620	5779	32
42336_63	c57778	0	63	57778	7617	57778	14
42327_9	c57768	0	9	57768	7615	57768_C	0
42315_23	c57754	0	23	57754	7612	57754	32
42312_31	c5774	0	31	5774	7608	5774	35
42226_46	c57654	0	46	57654	7597	57654	2
42222_18	c57650	0	18	57650	7596	57650	31
42213_49	c57640	0	49	57640	7595	57640	6
42204_69	c57631	0	69	57631	7593	57631_A	35
42203_47	c5762	0	47	5762	7589	5762	20
42192_9	c57616	0	9	57616	7587	57616_E	3
42127_61	c57541	0	61	57541	7563	57541	21
42108_26	c57521	0	26	57521	7557	57521	11
42106_29	c5751	0	29	5751	7556	5751	4
42089_46	c57501	0	46	57501	7554	57501	4
42072_32	c57485	0	32	57485	7550	57485	8
42047_16	c57456	0	16	57456	7546	57456	0
42032_64	c57441	0	64	57441	7544	57441	29
42021_80	c5742	0	80	5742	7533	5742	4
42011_47	c57417	0	47	57417	7532	57417	22
42007_47	c57413	0	47	57413	7531	57413	30
41979_27	c57382	0	27	57382	7522	57382	25
41967_37	c57367	0	37	57367	7520	57367_E	0
41963_11	c57362	0	11	57362	7518	57362	12
41961_31	c57360	0	31	57360	7517	57360	8
41953_19	c57352	0	19	57352	7514	57352	2
41914_46	c57305	0	46	57305	7505	57305_C	34
41912_76	c57303	0	76	57303	7503	57303_A	27
41912_76	c57303	0	76	57303	7504	57303_C	0
41889_28	c57278	0	28	57278	7498	57278	34
41886_15	c57275	0	15	57275	7497	57275_E	11
41872_55	c57256	0	55	57256	7492	57256	10
41821_27	c5719	0	27	5719	7483	5719	9
41737_63	c57112	0	63	57112	7465	57112	8
41712_20	c57082	0	20	57082	7455	57082	23
41708_36	c57077	0	36	57077	7454	57077	12
41701_31	c5706	0	31	5706	7453	5706	31
41691_80	c57059	0	80	57059	7451	57059_D	27
41691_80	c57059	0	80	57059	7452	57059_E	27
41688_59	c57054	0	59	57054	7450	57054	4
41666_36	c57030	0	36	57030	7441	57030	26
41655_55	c57018	0	55	57018	7435	57018	6
41647_71	c57010	0	71	57010	7433	57010	16
41602_18	c56962	0	18	56962	7417	56962	9
41558_28	c56912	0	28	56912	7407	56912	8
41555_45	c56909	0	45	56909	7404	56909_A	2
41555_45	c56909	0	45	56909	7405	56909_E	11
41507_28	c56857	0	28	56857	7394	56857	29
41506_23	c56855	0	23	56855	7393	56855	9
41491_68	c56839	0	68	56839	7389	56839	11
41462_66	c56803	0	66	56803	7382	56803	0
41436_39	c56776	0	39	56776	7377	56776	12
41363_82	c56696	0	82	56696	7358	56696_A	6
41319_56	c56642	0	56	56642	7348	56642_C	0
41319_56	c56642	0	56	56642	7349	56642_E	0
41308_42	c56629	0	42	56629	7344	56629_A	28
41286_14	c56602	0	14	56602	7339	56602	10
41246_80	c56561	0	80	56561	7328	56561	29
41233_79	c56549	0	79	56549	7326	56549	3
41190_20	c56502	0	20	56502	7318	56502	18
41120_11	c56414	0	11	56414	7304	56414	11
41027_44	c56305	0	44	56305	7286	56305	8
40962_60	c56236	0	60	56236	7274	56236	30
40935_77	c56210	0	77	56210	7267	56210	20
40929_70	c56205	0	70	56205	7263	56205_A	9
40910_15	c56184	0	15	56184	7258	56184	9
40901_73	c56175	0	73	56175	7256	56175	4
40875_47	c56141	0	47	56141	7250	56141	22
40863_54	c5612	0	54	5612	7245	5612	1
40857_44	c56122	0	44	56122	7247	56122	30
40774_79	c56030	0	79	56030	7230	56030	10
40762_7	c56018	0	7	56018	7227	56018_A	9
40762_7	c56018	0	7	56018	7228	56018_E	0
40760_83	c56015	0	83	56015	7226	56015	16
40754_51	c56008	0	51	56008	7224	56008	16
40710_67	c55959	0	67	55959	7210	55959	8
40641_32	c55876	0	32	55876	7200	55876	22
40628_28	c55862	0	28	55862	7197	55862	31
40594_55	c55825	0	55	55825	7190	55825	8
40583_41	c5580	0	41	5580	7184	5580	26
40576_81	c55803	0	81	55803	7185	55803	7
40559_72	c55783	0	72	55783	7176	55783	16
40520_55	c55740	0	55	55740	7169	55740	5
40487_17	c55703	0	17	55703	7162	55703	10
40475_44	c55692	0	44	55692	7161	55692	5
40467_75	c55684	0	75	55684	7157	55684	11
40465_75	c55682	0	75	55682	7156	55682	1
40448_64	c55663	0	64	55663	7153	55663	15
40437_78	c55650	0	78	55650	7149	55650	17
40433_26	c55647	0	26	55647	7147	55647	1
40414_9	c5562	0	9	5562	7141	5562	19
40405_27	c55618	0	27	55618	7140	55618	27
40374_78	c55581	0	78	55581	7127	55581	5
40350_72	c55554	0	72	55554	7120	55554	12
40311_18	c55510	0	18	55510	7113	55510_A	14
40293_52	c55491	0	52	55491	7106	55491	9
40284_42	c55481	0	42	55481	7104	55481_A	1
40275_61	c55471	0	61	55471	7101	55471	33
40272_34	c55469	0	34	55469	7099	55469_A	4
40269_70	c55466	0	70	55466	7096	55466	31
40265_39	c55457	0	39	55457	7093	55457	25
40227_23	c55416	0	23	55416	7085	55416	24
40185_71	c55371	0	71	55371	7076	55371	7
40166_83	c55343	0	83	55343	7068	55343	2
40153_74	c55330	0	74	55330	7060	55330	0
40153_74	c55330	0	74	55330	7061	55330	4
40064_46	c55227	0	46	55227	7039	55227	14
40019_28	c55177	0	28	55177	7023	55177	1
40002_46	c55155	0	46	55155	7015	55155_A	28
40001_73	c55154	0	73	55154	7014	55154	26
40000_41	c55153	0	41	55153	7013	55153	2
39997_20	c55150	0	20	55150	7012	55150	6
39993_61	c55144	0	61	55144	7009	55144	17
39982_41	c55132	0	41	55132	7005	55132	17
39979_56	c55129	0	56	55129	7004	55129	0
39963_75	c55110	0	75	55110	7001	55110	4
39959_50	c55105	0	50	55105	6999	55105	1
39905_83	c55043	0	83	55043	6987	55043	8
39883_26	c55020	0	26	55020	6979	55020_A	27
39883_26	c55020	0	26	55020	6980	55020_C	0
39883_26	c55020	0	26	55020	6981	55020_E	12
39862_44	c54995	0	44	54995	6971	54995	25
39844_75	c54973	0	75	54973	6966	54973	13
39823_23	c5494	0	23	5494	6961	5494	10
39795_36	c54915	0	36	54915	6958	54915	4
39758_11	c54875	0	11	54875	6952	54875	5
39756_49	c54873	0	49	54873	6951	54873_E	6
39731_23	c54847	0	23	54847	6943	54847	3
39726_67	c54841	0	67	54841	6941	54841	14
39721_52	c54836	0	52	54836	6938	54836_A	11
39721_52	c54836	0	52	54836	6939	54836_B	19
39709_78	c54824	0	78	54824	6935	54824	6
39684_45	c54797	0	45	54797	6929	54797_A	3
39684_45	c54797	0	45	54797	6930	54797_C	7
39681_71	c54794	0	71	54794	6928	54794	19
39672_19	c54786	0	19	54786	6924	54786_A	28
39665_58	c5477	0	58	5477	6920	5477	10
39645_43	c54755	0	43	54755	6914	54755_A	10
39645_43	c54755	0	43	54755	6915	54755_C	0
39605_28	c5470	0	28	5470	6904	5470_E	0
39596_30	c54696	0	30	54696	6899	54696	14
39594_56	c54692	0	56	54692	6898	54692	19
39567_63	c54660	0	63	54660	6892	54660	13
39486_8	c5456	0	8	5456	6877	5456_A	11
39486_8	c5456	0	8	5456	6878	5456_C	0
39473_50	c54557	0	50	54557	6876	54557	36
39463_50	c54546	0	50	54546	6867	54546	26
39437_65	c54516	0	65	54516	6857	54516	15
39399_32	c54479	0	32	54479	6846	54479	18
39392_48	c54470	0	48	54470	6842	54470	12
39358_33	c54437	0	33	54437	6835	54437	14
39348_20	c54425	0	20	54425	6833	54425	16
39318_63	c54390	0	63	54390	6822	54390_E	6
39305_52	c54375	0	52	54375	6818	54375	28
39284_76	c54351	0	76	54351	6810	54351	26
39281_77	c54346	0	77	54346	6809	54346	0
39267_25	c54330	0	25	54330	6807	54330	8
39235_82	c54292	0	82	54292	6795	54292	8
39225_74	c54280	0	74	54280	6793	54280	8
39222_38	c54278	0	38	54278	6791	54278	4
39221_57	c54277	0	57	54277	6790	54277	14
39214_37	c54268	0	37	54268	6789	54268	32
39192_54	c54244	0	54	54244	6784	54244	25
39188_59	c54240	0	59	54240	6780	54240	22
39168_78	c5421	0	78	5421	6772	5421	11
39157_37	c54208	0	37	54208	6771	54208_A	27
39134_24	c54184	0	24	54184	6767	54184	17
39129_79	c5417	0	79	5417	6763	5417	26
39128_22	c54179	0	22	54179	6765	54179	7
39110_23	c54158	0	23	54158	6760	54158	11
39049_55	c54095	0	55	54095	6749	54095	0
39002_43	c54042	0	43	54042	6736	54042_C	0
38902_79	c53933	0	79	53933	6718	53933	33
38871_80	c53902	0	80	53902	6711	53902	8
38851_45	c53881	0	45	53881	6707	53881	17
38810_36	c53836	0	36	53836	6702	53836	20
38809_18	c53835	0	18	53835	6701	53835	30
38782_15	c53802	0	15	53802	6693	53802	3
38782_15	c53802	0	15	53802	6694	53802	7
38759_70	c53779	0	70	53779	6689	53779_E	11
38748_61	c53769	0	61	53769	6684	53769_A	27
38730_69	c5374	0	69	5374	6678	5374	8
38691_23	c53702	0	23	53702	6673	53702	32
38689_12	c53700	0	12	53700	6672	53700	8
38674_56	c53688	0	56	53688	6670	53688	7
38634_9	c53645	0	9	53645	6659	53645	28
38629_33	c53640	0	33	53640	6658	53640	32
38613_58	c53619	0	58	53619	6648	53619	34
38600_70	c53605	0	70	53605	6645	53605	2
38559_12	c53561	0	12	53561	6635	53561	22
38540_17	c53535	0	17	53535	6628	53535	34
38508_80	c53500	0	80	53500	6619	53500	27
38412_12	c53389	0	12	53389	6594	53389	26
38399_39	c53375	0	39	53375	6589	53375	6
38396_28	c53371	0	28	53371	6588	53371	5
38316_68	c53283	0	68	53283	6570	53283	1
38299_48	c53262	0	48	53262	6566	53262_E	6
38282_76	c53244	0	76	53244	6560	53244_A	12
38282_76	c53244	0	76	53244	6561	53244_B	27
38282_76	c53244	0	76	53244	6562	53244_C	0
38282_76	c53244	0	76	53244	6563	53244_E	0
38263_39	c53220	0	39	53220	6552	53220_A	10
38263_39	c53220	0	39	53220	6553	53220_C	0
38207_28	c53158	0	28	53158	6532	53158	33
38175_33	c53123	0	33	53123	6524	53123_E	19
38167_20	c53112	0	20	53112	6523	53112	22
38166_65	c53111	0	65	53111	6522	53111	25
38157_44	c5309	0	48	5309	6516	5309	22
38139_77	c53082	0	77	53082	6515	53082	28
38135_41	c53078	0	41	53078	6513	53078	15
38087_78	c53026	0	78	53026	6502	53026	2
38053_67	c52994	0	67	52994	6492	52994	9
37962_28	c52890	0	28	52890	6471	52890	8
37946_80	c52875	0	80	52875	6465	52875	24
37936_46	c52867	0	46	52867	6464	52867	34
37913_14	c52842	0	14	52842	6463	52842	18
37879_67	c52804	0	67	52804	6456	52804	1
37830_74	c52748	0	74	52748	6445	52748	22
37804_52	c52713	0	52	52713	6436	52713	7
37772_55	c52678	0	55	52678	6433	52678	7
37719_7	c52612	0	7	52612	6422	52612	21
37677_28	c52564	0	28	52564	6417	52564	16
37665_62	c52546	0	62	52546	6415	52546	6
37645_6	c52520	0	6	52520	6408	52520	18
37638_68	c52508	0	68	52508	6404	52508	18
37606_79	c52476	0	79	52476	6399	52476	26
37598_57	c52468	0	57	52468	6396	52468	33
37576_8	c52444	0	8	52444	6390	52444	6
37564_60	c52427	0	60	52427	6388	52427	3
37516_9	c52378	0	9	52378	6379	52378	32
37505_43	c52367	0	43	52367	6377	52367	5
37486_80	c52347	0	80	52347	6375	52347	22
37441_82	c5229	0	82	5229	6364	5229	30
37438_60	c52297	0	60	52297	6368	52297	6
37419_71	c52272	0	71	52272	6358	52272_A	11
37395_53	c52248	0	53	52248	6354	52248	32
37381_63	c52230	0	63	52230	6351	52230	23
37359_60	c52208	0	60	52208	6348	52208_E	6
37308_21	c52147	0	21	52147	6339	52147	11
37304_36	c52142	0	36	52142	6338	52142	25
37291_16	c52129	0	16	52129	6336	52129	9
37264_47	c52101	0	47	52101	6332	52101	6
37262_18	c5209	0	18	5209	6331	5209	13
37154_44	c51980	0	44	51980	6312	51980	18
37151_22	c51978	0	22	51978	6311	51978	19
37116_15	c5193	0	15	5193	6304	5193	7
37069_31	c51891	0	31	51891	6300	51891	31
37028_74	c51841	0	74	51841	6295	51841_C	0
37025_44	c51837	0	44	51837	6294	51837	18
37022_47	c51833	0	47	51833	6292	51833	8
37002_68	c51812	0	68	51812	6289	51812_E	9
36963_58	c51767	0	58	51767	6282	51767	32
36866_11	c51658	0	11	51658	6260	51658	2
36856_53	c51645	0	53	51645	6258	51645	2
36826_53	c51611	0	53	51611	6249	51611	21
36797_28	c51579	0	28	51579	6242	51579	24
36793_76	c51575	0	76	51575	6240	51575	8
36775_48	c51557	0	48	51557	6237	51557	3
36718_50	c51498	0	50	51498	6230	51498	15
36713_17	c51493	0	17	51493	6224	51493_A	37
36713_17	c51493	0	17	51493	6225	51493_B	9
36713_17	c51493	0	17	51493	6226	51493_C	0
36713_17	c51493	0	17	51493	6227	51493_D	0
36711_63	c51491	0	63	51491	6222	51491	31
36701_64	c51482	0	64	51482	6217	51482	17
36686_34	c51468	0	34	51468	6213	51468	18
36648_18	c51421	0	18	51421	6208	51421	7
36638_37	c51407	0	37	51407	6206	51407	23
36615_36	c51384	0	36	51384	6199	51384	0
36611_19	c51380	0	19	51380	6197	51380	0
36553_25	c51314	0	25	51314	6193	51314	29
36542_81	c51302	0	81	51302	6191	51302	31
36527_11	c51285	0	11	51285	6186	51285	2
36513_62	c51271	0	62	51271	6184	51271	6
36475_7	c51226	0	7	51226	6174	51226	36
36432_30	c51181	0	30	51181	6167	51181	25
36430_26	c5117	0	26	5117	6162	5117	3
36426_14	c51172	0	14	51172	6164	51172	7
36424_16	c51170	0	16	51170	6163	51170	11
36383_12	c51116	0	12	51116	6154	51116	9
36328_38	c51052	0	38	51052	6144	51052	13
36312_62	c51034	0	62	51034	6138	51034	20
36307_17	c51029	0	17	51029	6135	51029	21
36285_28	c51001	0	28	51001	6130	51001	34
36273_20	c50989	0	20	50989	6126	50989	0
36243_39	c50954	0	39	50954	6121	50954	25
36233_52	c50944	0	52	50944	6120	50944_E	0
36184_6	c50888	0	6	50888	6107	50888	5
36169_58	c50868	0	58	50868	6104	50868	18
36143_8	c50838	0	8	50838	6101	50838	29
36069_61	c50752	0	61	50752	6090	50752	3
36045_38	c50719	0	38	50719	6082	50719	25
36032_18	c50704	0	18	50704	6078	50704_A	0
36021_72	c50691	0	72	50691	6074	50691_A	0
35991_81	c50656	0	81	50656	6066	50656	10
35962_56	c50624	0	56	50624	6061	50624	24
35903_12	c5056	0	12	5056	6045	5056_C	0
35903_12	c5056	0	12	5056	6046	5056_E	0
35886_10	c50550	0	10	50550	6044	50550	12
35860_56	c50519	0	56	50519	6037	50519	33
35845_51	c504	0	51	504	6014	504	5
35808_48	c50457	0	48	50457	6024	50457	26
35805_13	c50453	0	13	50453	6023	50453_C	0
35748_74	c5038	0	74	5038	6012	5038	20
35721_37	c50359	0	37	50359	6011	50359	16
35660_83	c50288	0	83	50288	6000	50288	2
35590_6	c50205	0	6	50205	5988	50205	15
35585_28	c50200	0	28	50200	5987	50200	0
35531_70	c50135	0	70	50135	5978	50135_E	19
35528_27	c50132	0	27	50132	5977	50132	21
35491_57	c5008	0	57	5008	5970	5008	26
35455_46	c50048	0	46	50048	5966	50048_A	11
35444_8	c50033	0	8	50033	5961	50033	4
35424_78	c50006	0	78	50006	5957	50006	10
35364_46	c49934	0	46	49934	5939	49934_A	19
35364_46	c49934	0	46	49934	5940	49934_C	11
35281_36	c49849	0	36	49849	5927	49849_E	0
35263_52	c4982	0	52	4982	5917	4982	7
35234_10	c49794	0	10	49794	5914	49794	32
35231_77	c49791	0	77	49791	5912	49791	2
35221_14	c4977	0	14	4977	5906	4977	1
35206_82	c49760	0	82	49760	5905	49760	22
35143_74	c49686	0	74	49686	5899	49686	27
35125_58	c49668	0	58	49668	5893	49668	31
35038_15	c49561	0	15	49561	5864	49561	15
35032_23	c49553	0	23	49553	5863	49553	13
35021_80	c49543	0	80	49543	5860	49543	11
35016_18	c49538	0	18	49538	5859	49538	7
34947_78	c49465	0	78	49465	5841	49465	7
34928_19	c49447	0	19	49447	5833	49447	7
34861_29	c49369	0	29	49369	5814	49369	20
34855_25	c49361	0	25	49361	5812	49361	8
34821_6	c49320	0	6	49320	5808	49320	17
34774_17	c49270	0	17	49270	5800	49270	37
34769_37	c49265	0	37	49265	5799	49265	16
34755_61	c49251	0	61	49251	5792	49251	4
34728_77	c49221	0	77	49221	5787	49221	4
34687_14	c49174	0	14	49174	5779	49174	7
34670_44	c49158	0	44	49158	5777	49158_E	7
34657_32	c49143	0	32	49143	5772	49143	8
34643_28	c49129	0	28	49129	5769	49129	1
34577_61	c49048	0	61	49048	5761	49048	26
34573_46	c49045	0	46	49045	5760	49045	9
34546_61	c49014	0	61	49014	5752	49014	14
34529_78	c48999	0	78	48999	5748	48999	22
34507_14	c48973	0	14	48973	5745	48973	8
34483_54	c48946	0	54	48946	5738	48946	2
34482_32	c48945	0	32	48945	5737	48945	6
34461_82	c48923	0	82	48923	5732	48923	4
34456_37	c48918	0	37	48918	5731	48918	6
34441_58	c48898	0	58	48898	5726	48898	33
34415_15	c48869	0	15	48869	5717	48869	25
34375_77	c48826	0	77	48826	5711	48826	5
34373_53	c48823	0	53	48823	5709	48823_A	19
34373_53	c48823	0	53	48823	5710	48823_C	11
34369_46	c48819	0	46	48819	5707	48819	18
34367_16	c48817	0	16	48817	5706	48817	12
34359_21	c48805	0	21	48805	5700	48805	28
34349_41	c48797	0	41	48797	5696	48797	4
34347_77	c48793	0	77	48793	5695	48793	4
34306_55	c48746	0	55	48746	5688	48746	15
34245_25	c48681	0	25	48681	5674	48681	1
34206_38	c48635	0	38	48635	5669	48635	36
34188_70	c48610	0	70	48610	5663	48610_A	7
34188_70	c48610	0	70	48610	5664	48610_B	7
34188_70	c48610	0	70	48610	5665	48610_D	7
34188_70	c48610	0	70	48610	5666	48610_E	7
34172_46	c48592	0	46	48592	5659	48592	2
34094_43	c48507	0	43	48507	5644	48507_E	0
34091_72	c48504	0	72	48504	5642	48504	27
34052_24	c48460	0	24	48460	5636	48460_E	0
34040_25	c48448	0	25	48448	5634	48448_C	19
34040_25	c48448	0	25	48448	5635	48448_E	11
33985_39	c48385	0	39	48385	5621	48385	5
33945_63	c48337	0	63	48337	5613	48337	16
33924_35	c48312	0	35	48312	5609	48312_E	0
33913_73	c48302	0	73	48302	5606	48302	0
33894_44	c48282	0	44	48282	5601	48282	2
33812_27	c48192	0	27	48192	5581	48192_C	0
33812_27	c48192	0	27	48192	5582	48192_E	0
33798_41	c48178	0	41	48178	5577	48178	0
33768_49	c48139	0	49	48139	5564	48139	4
33611_53	c47965	0	53	47965	5536	47965_A	28
33611_53	c47965	0	53	47965	5537	47965_E	10
33587_47	c47941	0	47	47941	5531	47941	25
33540_8	c47884	0	8	47884	5521	47884	30
33537_47	c47881	0	47	47881	5519	47881	22
33513_51	c47855	0	51	47855	5515	47855	33
33475_41	c4780	0	41	4780	5497	4780	8
33457_65	c47786	0	65	47786	5494	47786	13
33455_66	c47784	0	66	47784	5493	47784_A	22
33405_12	c47729	0	12	47729	5484	47729	22
33374_66	c47698	0	66	47698	5475	47698_A	11
33374_66	c47698	0	66	47698	5476	47698_C	0
33374_66	c47698	0	66	47698	5477	47698_E	2
33342_16	c47660	0	16	47660	5471	47660	21
33335_55	c47652	0	55	47652	5470	47652	3
33330_51	c47647	0	51	47647	5468	47647	10
33324_61	c47640	0	61	47640	5464	47640	15
33254_70	c47567	0	70	47567	5455	47567	16
33224_47	c47535	0	47	47535	5446	47535	11
33162_32	c47463	0	32	47463	5436	47463	1
33158_9	c47459	0	9	47459	5435	47459	33
33154_65	c47454	0	65	47454	5433	47454	3
33096_45	c47390	0	45	47390	5424	47390_E	0
33073_41	c47362	0	41	47362	5420	47362	32
33056_54	c47343	0	54	47343	5418	47343	37
32995_53	c47281	0	53	47281	5408	47281	17
32991_14	c47277	0	14	47277	5406	47277	23
32966_8	c47249	0	8	47249	5395	47249	15
32936_28	c47215	0	28	47215	5388	47215	5
32924_73	c47202	0	73	47202	5386	47202	14
32876_45	c4714	0	45	4714	5381	4714	32
32821_32	c47090	0	32	47090	5377	47090	21
32814_80	c47083	0	80	47083	5373	47083_C	0
32814_80	c47083	0	80	47083	5374	47083_E	0
32659_25	c46909	0	25	46909	5342	46909_E	9
32658_48	c46906	0	48	46906	5340	46906_C	0
32658_48	c46906	0	48	46906	5341	46906_E	0
32645_8	c46892	0	8	46892	5338	46892	8
32585_75	c46824	0	75	46824	5326	46824	2
32582_12	c46821	0	12	46821	5325	46821	20
32578_43	c46818	0	43	46818	5323	46818_C	0
32578_43	c46818	0	43	46818	5324	46818_E	0
32501_30	c46737	0	30	46737	5312	46737_A	10
32474_51	c46706	0	51	46706	5307	46706	24
32453_17	c46683	0	17	46683	5298	46683	2
32440_71	c46665	0	71	46665	5294	46665	34
32428_40	c46645	0	40	46645	5291	46645	2
32422_57	c4663	0	57	4663	5287	4663	26
32381_42	c46598	0	42	46598	5282	46598_E	0
32345_81	c46559	0	81	46559	5275	46559	13
32329_56	c46540	0	56	46540	5268	46540_A	2
32321_31	c46530	0	31	46530	5266	46530	8
32290_61	c4649	0	61	4649	5257	4649	18
32192_74	c46390	0	74	46390	5236	46390	6
32159_27	c46357	0	27	46357	5224	46357	0
32136_41	c46330	0	41	46330	5222	46330	8
32093_16	c46284	0	16	46284	5212	46284	7
32079_41	c46270	0	41	46270	5209	46270	0
32045_69	c46233	0	69	46233	5200	46233	9
32020_65	c46207	0	65	46207	5195	46207	14
32009_63	c46194	0	63	46194	5189	46194_A	26
32009_63	c46194	0	63	46194	5190	46194_B	26
32009_63	c46194	0	63	46194	5191	46194_D	26
32009_63	c46194	0	63	46194	5192	46194_F	26
31999_55	c46182	0	55	46182	5188	46182	25
31998_54	c46181	0	54	46181	5187	46181	19
31986_12	c46169	0	12	46169	5185	46169	1
31979_43	c46161	0	43	46161	5184	46161	34
31973_83	c46155	0	83	46155	5183	46155_E	0
31944_28	c4611	0	28	4611	5174	4611	7
31861_38	c46019	0	38	46019	5159	46019	1
31831_16	c45985	0	16	45985	5154	45985_A	7
31769_72	c4591	0	72	4591	5141	4591	27
31749_14	c4589	0	14	4589	5135	4589	8
31742_55	c45891	0	55	45891	5136	45891	5
31726_26	c45874	0	26	45874	5133	45874_C	0
31725_24	c45873	0	24	45873	5132	45873	3
31705_25	c45850	0	25	45850	5124	45850_C	6
31630_34	c45758	0	34	45758	5110	45758	29
31617_59	c45744	0	59	45744	5107	45744	11
31596_71	c45722	0	71	45722	5103	45722	30
31588_13	c45710	0	13	45710	5100	45710	11
31553_26	c45671	0	26	45671	5093	45671	3
31543_68	c45661	0	68	45661	5087	45661	26
31478_71	c4558	0	71	4558	5074	4558_C	0
31476_40	c45588	0	40	45588	5073	45588	8
31454_50	c45559	0	50	45559	5068	45559	21
31453_58	c45558	0	58	45558	5067	45558	30
31418_31	c45522	0	31	45522	5062	45522	32
31412_40	c45516	0	40	45516	5061	45516	1
31362_60	c45459	0	60	45459	5052	45459	29
31331_6	c45417	0	6	45417	5044	45417	23
31258_82	c45342	0	82	45342	5028	45342	6
31231_33	c45314	0	33	45314	5021	45314	1
31230_22	c45313	0	22	45313	5020	45313	31
31201_49	c45282	0	49	45282	5016	45282	15
31199_61	c4527	0	61	4527	5014	4527	20
31197_83	c45277	0	83	45277	5015	45277	15
31182_72	c45259	0	72	45259	5012	45259	0
31118_8	c45177	0	8	45177	5000	45177	6
31111_38	c45170	0	38	45170	4999	45170	7
31056_33	c45108	0	33	45108	4989	45108	21
31036_82	c45088	0	82	45088	4984	45088	2
31035_83	c45087	0	83	45087	4983	45087	17
31022_19	c45072	0	19	45072	4979	45072	16
31002_66	c45053	0	66	45053	4975	45053	7
30986_80	c45031	0	80	45031	4973	45031	2
30971_53	c45017	0	53	45017	4969	45017	19
30926_77	c44970	0	77	44970	4959	44970	15
30856_22	c44893	0	22	44893	4952	44893	14
30846_9	c44880	0	9	44880	4949	44880	19
30817_71	c44842	0	71	44842	4945	44842	36
30811_29	c44837	0	29	44837	4943	44837	1
30807_11	c44832	0	11	44832	4940	44832_C	0
30807_11	c44832	0	11	44832	4941	44832_E	0
30805_16	c4482	0	16	4482	4935	4482	23
30772_28	c44788	0	28	44788	4931	44788	8
30687_79	c44701	0	79	44701	4921	44701	6
30620_28	c44626	0	28	44626	4908	44626	16
30612_49	c44619	0	49	44619	4903	44619	16
30577_64	c44577	0	64	44577	4896	44577_E	12
30523_44	c44514	0	44	44514	4891	44514	12
30522_19	c44513	0	19	44513	4890	44513_A	5
30508_48	c4449	0	48	4449	4887	4449	24
30498_76	c44487	0	76	44487	4885	44487	0
30498_76	c44487	0	76	44487	4886	44487	0
30496_36	c44482	0	36	44482	4884	44482	6
30486_12	c44471	0	12	44471	4882	44471	20
30469_42	c44450	0	42	44450	4879	44450	7
30454_79	c44434	0	79	44434	4874	44434	0
30436_77	c44411	0	77	44411	4866	44411	18
30413_37	c44387	0	37	44387	4857	44387	2
30395_13	c44360	0	13	44360	4855	44360	10
30329_58	c44275	0	58	44275	4837	44275	16
30326_8	c44272	0	8	44272	4836	44272	18
30295_67	c4423	0	67	4423	4828	4423	37
30282_54	c44224	0	54	44224	4827	44224	2
30257_16	c44194	0	16	44194	4819	44194	3
30150_53	c44076	0	53	44076	4800	44076_A	6
30068_48	c43984	0	48	43984	4788	43984	13
30056_73	c43970	0	73	43970	4786	43970	31
30045_23	c43956	0	23	43956	4780	43956	3
30030_71	c4393	0	71	4393	4775	4393_A	6
29977_32	c43880	0	32	43880	4761	43880	5
29972_79	c43875	0	79	43875	4760	43875_C	21
29921_10	c43814	0	10	43814	4742	43814	7
29914_59	c43806	0	59	43806	4741	43806	3
29876_71	c43767	0	71	43767	4732	43767	20
29872_56	c43764	0	56	43764	4731	43764	12
29830_52	c43718	0	52	43718	4723	43718_E	0
29824_59	c43708	0	59	43708	4722	43708	25
29817_76	c43700	0	76	43700	4719	43700	2
29812_47	c43697	0	47	43697	4718	43697	8
29799_32	c43679	0	32	43679	4714	43679	16
29779_29	c43656	0	29	43656	4708	43656	18
29751_74	c43621	0	74	43621	4700	43621	0
29707_72	c43573	0	72	43573	4690	43573	35
29684_48	c4354	0	48	4354	4687	4354	7
29650_57	c43505	0	57	43505	4680	43505	1
29609_65	c43463	0	65	43463	4676	43463_E	0
29585_77	c43434	0	77	43434	4666	43434	3
29543_65	c43391	0	65	43391	4658	43391	33
29517_64	c43362	0	64	43362	4654	43362	0
29482_42	c43315	0	42	43315	4643	43315	4
29478_76	c43310	0	76	43310	4640	43310_E	37
29462_26	c43291	0	26	43291	4634	43291	2
29452_71	c43280	0	71	43280	4629	43280	17
29407_19	c43228	0	19	43228	4620	43228_A	28
29407_19	c43228	0	19	43228	4621	43228_B	10
29338_50	c43154	0	50	43154	4606	43154	28
29296_19	c43110	0	19	43110	4591	43110_B	0
29296_19	c43110	0	19	43110	4592	43110_C	0
29292_20	c43106	0	20	43106	4587	43106	5
29287_18	c43100	0	18	43100	4585	43100	36
29281_28	c43096	0	28	43096	4583	43096	24
29270_7	c43082	0	7	43082	4580	43082	29
29264_29	c43077	0	29	43077	4578	43077	8
29242_29	c43055	0	29	43055	4574	43055_A	3
29242_29	c43055	0	29	43055	4575	43055_E	0
29210_22	c43011	0	22	43011	4567	43011	37
29195_38	c42999	0	38	42999	4563	42999	25
29176_69	c42975	0	69	42975	4560	42975	3
29145_52	c42932	0	52	42932	4554	42932	1
29115_50	c42895	0	50	42895	4550	42895_A	19
29114_32	c42894	0	32	42894	4549	42894	5
29112_46	c42892	0	46	42892	4548	42892	7
29094_27	c42871	0	27	42871	4542	42871	28
29091_80	c42867	0	80	42867	4539	42867	24
29043_48	c42810	0	48	42810	4527	42810	16
29042_20	c4280	0	20	4280	4523	4280	33
29039_29	c42807	0	29	42807	4526	42807	4
29017_68	c42781	0	68	42781	4520	42781	35
28947_55	c42707	0	55	42707	4510	42707	1
28942_81	c42702	0	81	42702	4508	42702	2
28890_52	c42651	0	52	42651	4503	42651	5
28869_7	c42631	0	7	42631	4499	42631	2
28818_6	c42581	0	6	42581	4489	42581	2
28779_32	c4253	0	32	4253	4481	4253	9
28777_23	c42538	0	23	42538	4483	42538	3
28765_33	c42527	0	33	42527	4480	42527	22
28764_64	c42526	0	64	42526	4479	42526	15
28746_11	c42504	0	11	42504	4473	42504_E	6
28746_11	c42504	0	11	42504	4474	42504_F	0
28686_45	c4243	0	45	4243	4464	4243	0
28684_39	c42438	0	39	42438	4466	42438	33
28658_31	c42407	0	31	42407	4460	42407_A	0
28658_31	c42407	0	31	42407	4461	42407_E	0
28650_33	c42397	0	33	42397	4456	42397	15
28622_19	c42363	0	19	42363	4452	42363	33
28588_63	c42326	0	63	42326	4443	42326	36
28581_32	c42318	0	32	42318	4442	42318	18
28578_63	c42311	0	63	42311	4440	42311	3
28560_31	c42291	0	31	42291	4436	42291	33
28554_17	c42286	0	17	42286	4433	42286	4
28533_83	c42264	0	83	42264	4429	42264_A	11
28533_83	c42264	0	83	42264	4430	42264_D	19
28507_13	c42235	0	13	42235	4421	42235	8
28498_53	c42222	0	53	42222	4418	42222	33
28489_24	c42213	0	24	42213	4415	42213	19
28372_58	c42083	0	58	42083	4392	42083	2
28360_44	c42068	0	44	42068	4387	42068	7
28339_61	c42045	0	61	42045	4381	42045_A	10
28269_38	c41969	0	38	41969	4370	41969	0
28224_15	c41917	0	15	41917	4347	41917	5
28186_72	c41876	0	72	41876	4338	41876	29
28150_61	c4183	0	61	4183	4333	4183	0
28149_14	c41839	0	14	41839	4335	41839	23
28086_13	c41772	0	13	41772	4323	41772	1
28067_67	c41752	0	67	41752	4319	41752	3
27995_78	c41672	0	78	41672	4310	41672	34
27986_13	c41661	0	13	41661	4307	41661	5
27913_13	c4157	0	13	4157	4288	4157	22
27897_56	c41562	0	56	41562	4286	41562_C	19
27847_52	c4150	0	52	4150	4272	4150	10
27827_73	c41486	0	73	41486	4268	41486	1
27809_7	c41460	0	7	41460	4260	41460	24
27790_58	c41443	0	58	41443	4255	41443_C	35
27751_40	c41399	0	40	41399	4247	41399	13
27748_48	c41395	0	48	41395	4246	41395	14
27730_13	c41372	0	13	41372	4240	41372	1
27729_58	c41371	0	58	41371	4239	41371	20
27727_73	c4136	0	73	4136	4238	4136	11
27677_51	c41310	0	51	41310	4229	41310	23
27635_23	c41260	0	23	41260	4217	41260_A	20
27614_15	c41233	0	15	41233	4210	41233	20
27613_80	c41232	0	80	41232	4209	41232	25
27595_35	c41214	0	35	41214	4206	41214	13
27542_6	c41160	0	6	41160	4202	41160	32
27431_54	c41023	0	54	41023	4178	41023	13
27394_70	c40986	0	70	40986	4175	40986	32
27356_62	c40947	0	62	40947	4167	40947	15
27300_44	c40887	0	44	40887	4159	40887	29
27267_41	c40849	0	41	40849	4152	40849	25
27256_14	c40835	0	14	40835	4149	40835_E	0
27232_9	c4080	0	9	4080	4146	4080	0
27225_78	c40801	0	78	40801	4147	40801	25
27219_56	c40795	0	56	40795	4144	40795	29
27191_26	c40768	0	26	40768	4140	40768	24
27183_81	c40757	0	81	40757	4137	40757	29
27169_72	c40740	0	72	40740	4133	40740	36
27148_58	c40718	0	58	40718	4128	40718	31
27106_54	c4066	0	54	4066	4119	4066	22
27094_68	c40657	0	68	40657	4118	40657	12
27003_82	c40556	0	82	40556	4101	40556	24
26995_18	c40546	0	18	40546	4100	40546	4
26977_15	c40525	0	15	40525	4096	40525_C	0
26928_47	c40466	0	47	40466	4085	40466	9
26853_9	c40382	0	9	40382	4073	40382	4
26816_71	c40338	0	71	40338	4065	40338	8
26799_76	c40321	0	76	40321	4062	40321	16
26772_57	c40292	0	57	40292	4051	40292	8
26753_35	c40271	0	35	40271	4045	40271	26
26729_36	c40245	0	36	40245	4039	40245	12
26708_26	c40221	0	26	40221	4034	40221	23
26706_78	c40218	0	78	40218	4033	40218	17
26678_74	c40189	0	74	40189	4030	40189_A	35
26675_45	c40186	0	45	40186	4029	40186	2
26670_38	c4017	0	38	4017	4026	4017	22
26651_15	c40156	0	15	40156	4024	40156	31
26612_9	c40112	0	9	40112	4014	40112	30
26583_36	c40083	0	36	40083	4010	40083_A	12
26578_42	c40077	0	42	40077	4009	40077_A	11
26511_83	c3	0	83	3	2967	3	2
26414_76	c39892	0	76	39892	3980	39892	18
26373_29	c39845	0	29	39845	3976	39845	5
26371_64	c39843	0	64	39843	3975	39843	31
26289_54	c39748	0	54	39748	3968	39748	30
26166_36	c39621	0	36	39621	3956	39621	30
26161_72	c39616	0	72	39616	3955	39616	6
26139_76	c39593	0	76	39593	3954	39593	29
26050_81	c39483	0	81	39483	3947	39483_E	0
25980_6	c39402	0	6	39402	3940	39402	19
25878_49	c39284	0	49	39284	3934	39284	0
25841_81	c39241	0	81	39241	3933	39241	10
25837_37	c39237	0	37	39237	3932	39237	24
25631_51	c3900	0	51	3900	3911	3900	7
25481_44	c38847	0	44	38847	3898	38847	25
25460_77	c38827	0	77	38827	3897	38827	1
25341_70	c38698	0	70	38698	3884	38698	5
25316_58	c3866	0	58	3866	3879	3866	30
25291_16	c38640	0	16	38640	3877	38640_A	29
25188_73	c38524	0	73	38524	3866	38524	34
25028_6	c38331	0	6	38331	3850	38331	1
25018_14	c38319	0	14	38319	3849	38319	14
24691_36	c37948	0	36	37948	3821	37948_A	3
24670_46	c37926	0	46	37926	3817	37926	0
24598_83	c37842	0	83	37842	3808	37842	9
24574_28	c37817	0	28	37817	3805	37817	0
24559_65	c377	0	65	377	3792	377	16
24510_54	c3773	0	54	3773	3797	3773	18
24478_74	c37702	0	74	37702	3793	37702	24
24342_75	c37550	0	75	37550	3777	37550	2
24315_36	c37514	0	36	37514	3769	37514	0
24243_52	c37429	0	52	37429	3761	37429	14
24118_6	c3728	0	6	3728	3744	3728	9
24109_64	c37280	0	64	37280	3745	37280	0
24105_64	c37275	0	64	37275	3743	37275	19
24097_76	c37265	0	76	37265	3739	37265	30
24012_59	c37165	0	59	37165	3725	37165	8
24000_34	c3714	0	34	3714	3722	3714	15
23972_15	c3711	0	15	3711	3721	3711	1
23918_15	c37051	0	15	37051	3715	37051	17
23824_24	c36951	0	24	36951	3703	36951	21
23804_17	c36928	0	17	36928	3701	36928_E	0
23782_83	c36905	0	83	36905	3700	36905	1
23592_42	c36693	0	42	36693	3684	36693	1
23559_73	c36651	0	73	36651	3680	36651	20
23515_22	c36601	0	22	36601	3674	36601	24
23474_82	c36560	0	82	36560	3670	36560	10
23437_74	c36516	0	74	36516	3665	36516	25
23331_80	c3639	0	80	3639	3650	3639	6
23290_48	c36352	0	48	36352	3646	36352	2
23228_37	c36273	0	37	36273	3635	36273	25
23218_36	c3625	0	36	3625	3631	3625	17
23180_29	c36216	0	29	36216	3629	36216	3
23144_33	c3617	0	33	3617	3620	3617_C	0
23075_81	c36099	0	81	36099	3612	36099	7
23066_45	c3608	0	45	3608	3610	3608	9
22958_61	c35975	0	61	35975	3602	35975	9
22951_70	c35969	0	70	35969	3599	35969	30
22905_50	c3591	0	50	3591	3595	3591	4
22877_82	c35888	0	82	35888	3593	35888	31
22809_25	c3579	0	25	3579	3585	3579	27
22698_61	c3566	0	61	3566	3573	3566	15
22609_60	c35570	0	60	35570	3566	35570	18
22533_8	c3548	0	8	3548	3553	3548	5
22443_10	c3538	0	10	3538	3543	3538_A	36
22433_7	c35378	0	7	35378	3542	35378	26
22426_72	c35367	0	72	35367	3541	35367	25
22409_23	c3534	0	23	3534	3537	3534	17
22378_67	c35319	0	67	35319	3536	35319	12
22376_81	c35317	0	81	35317	3535	35317	9
22300_61	c3521	0	61	3521	3527	3521	9
22284_19	c3519	0	19	3519	3525	3519	3
22224_81	c35134	0	81	35134	3517	35134	30
22221_47	c35130	0	47	35130	3515	35130	12
22213_11	c35120	0	11	35120	3512	35120	9
22053_47	c34948	0	47	34948	3499	34948	15
22044_77	c34938	0	77	34938	3497	34938	9
21960_8	c3483	0	8	3483	3484	3483	10
21934_9	c3480	0	9	3480	3478	3480	2
21929_9	c34804	0	9	34804	3480	34804	37
21718_8	c34561	0	8	34561	3458	34561	13
21680_38	c3451	0	38	3451	3455	3451	13
21567_10	c34384	0	10	34384	3447	34384	15
21464_53	c3425	0	53	3425	3429	3425	31
21446_19	c34240	0	19	34240	3427	34240	36
21362_28	c34149	0	28	34149	3423	34149	22
21305_68	c3407	0	68	3407	3412	3407	7
21255_6	c34015	0	6	34015	3405	34015	0
21254_28	c34014	0	28	34014	3404	34014	14
21216_79	c3396	0	79	3396	3399	3396	15
21165_43	c33911	0	43	33911	3395	33911	4
21126_12	c3386	0	12	3386	3390	3386	10
21106_47	c33850	0	47	33850	3387	33850	32
20942_52	c33663	0	52	33663	3372	33663	13
20880_77	c33593	0	77	33593	3361	33593	0
20836_12	c33538	0	12	33538	3357	33538	7
20703_65	c33382	0	65	33382	3337	33382	2
20670_57	c33343	0	57	33343	3335	33343	23
20666_70	c3333	0	70	3333	3333	3333_A	25
20664_26	c33338	0	26	33338	3331	33338	13
20659_49	c33332	0	49	33332	3330	33332_C	0
20640_45	c3330	0	45	3330	3328	3330_E	0
20595_53	c33259	0	53	33259	3321	33259	16
20562_78	c33224	0	78	33224	3319	33224	16
20544_48	c33207	0	48	33207	3313	33207	0
20498_50	c33155	0	50	33155	3307	33155_C	0
20424_16	c33068	0	16	33068	3303	33068_E	19
20386_45	c3301	0	45	3301	3299	3301	8
20277_58	c32901	0	58	32901	3289	32901_A	3
20277_58	c32901	0	58	32901	3290	32901_E	7
20270_35	c32894	0	35	32894	3285	32894	33
20263_49	c32885	0	49	32885	3282	32885	16
20175_22	c32781	0	22	32781	3266	32781	31
20164_75	c32769	0	75	32769	3264	32769	9
20129_40	c3272	0	40	3272	3262	3272	1
19851_77	c32413	0	77	32413	3234	32413	25
19824_26	c32381	0	26	32381	3231	32381	12
19822_21	c3237	0	21	3237	3228	3237	7
19809_20	c32365	0	20	32365	3227	32365	0
19693_11	c32215	0	11	32215	3209	32215	21
19692_68	c32214	0	68	32214	3208	32214	25
19681_14	c32201	0	14	32201	3207	32201	7
19616_48	c3212	0	48	3212	3202	3212	26
19526_66	c32030	0	66	32030	3194	32030	9
19524_81	c32028	0	81	32028	3193	32028	34
19504_34	c32007	0	34	32007	3192	32007_A	28
19276_80	c31753	0	80	31753	3160	31753	1
19146_82	c315	0	82	315	3125	315	6
19125_77	c31574	0	77	31574	3135	31574	18
19052_23	c31495	0	23	31495	3124	31495	1
18948_83	c31378	0	83	31378	3107	31378	1
18897_50	c31321	0	50	31321	3103	31321	18
18649_24	c31031	0	24	31031	3078	31031	6
18640_43	c31022	0	43	31022	3075	31022	20
18405_34	c30758	0	34	30758	3050	30758	15
18391_48	c30743	0	48	30743	3048	30743	6
18322_77	c3066	0	77	3066	3041	3066_A	26
18313_26	c3065	0	26	3065	3040	3065_C	0
18206_54	c30539	0	54	30539	3030	30539	34
18197_69	c30530	0	69	30530	3029	30530	18
18150_31	c30482	0	31	30482	3020	30482	34
18114_72	c30434	0	72	30434	3014	30434	22
18052_72	c30365	0	72	30365	3003	30365	24
18001_37	c30303	0	37	30303	2994	30303	7
17963_54	c30252	0	54	30252	2988	30252	27
17892_35	c30176	0	35	30176	2983	30176	3
17883_81	c30167	0	81	30167	2982	30167	34
17861_82	c30144	0	82	30144	2981	30144	12
17824_75	c30100	0	75	30100	2978	30100	29
17747_78	c30015	0	78	30015	2970	30015	7
17664_18	c29916	0	18	29916	2958	29916	11
17566_38	c29800	0	38	29800	2944	29800	20
17565_6	c297	0	6	297	2933	297	6
17533_34	c29769	0	34	29769	2940	29769	15
17462_7	c29691	0	7	29691	2931	29691	30
17439_67	c29668	0	67	29668	2929	29668	5
17383_32	c29606	0	32	29606	2918	29606	36
17325_15	c2953	0	15	2953	2906	2953_C	0
17319_72	c29534	0	72	29534	2905	29534	1
17316_23	c29531	0	23	29531	2904	29531	4
17181_57	c29376	0	57	29376	2892	29376	4
17177_57	c2936	0	57	2936	2889	2936	21
17139_80	c29323	0	80	29323	2885	29323	10
17120_27	c292	0	27	292	2870	292	10
17112_42	c29291	0	42	29291	2882	29291_C	0
17112_42	c29291	0	42	29291	2883	29291_E	0
17074_58	c29248	0	58	29248	2878	29248	3
17065_76	c29236	0	76	29236	2875	29236	15
17002_8	c29158	0	8	29158	2864	29158	25
16962_53	c29112	0	53	29112	2858	29112	5
16951_18	c290	0	18	290	2847	290	33
16811_74	c2893	0	74	2893	2839	2893	21
16782_78	c2890	0	78	2890	2833	2890	15
16715_62	c2882	0	62	2882	2824	2882	3
16588_57	c2867	0	57	2867	2811	2867	18
16586_48	c28678	0	48	28678	2814	28678	3
16585_52	c28677	0	52	28677	2812	28677_C	0
16585_52	c28677	0	52	28677	2813	28677_E	11
16575_21	c28666	0	21	28666	2810	28666	32
16569_73	c2865	0	73	2865	2806	2865	8
16560_46	c2864	0	46	2864	2803	2864	32
16534_11	c28619	0	11	28619	2799	28619	24
16492_36	c28569	0	36	28569	2795	28569	35
16476_78	c2854	0	78	2854	2794	2854	3
16393_12	c28457	0	12	28457	2787	28457	17
16359_16	c28419	0	16	28419	2784	28419	3
16324_62	c28380	0	62	28380	2779	28380	2
16272_6	c28323	0	6	28323	2771	28323	21
16232_38	c2827	0	38	2827	2759	2827_A	0
16232_38	c2827	0	38	2827	2760	2827_E	7
16208_73	c28253	0	73	28253	2753	28253_C	0
16208_73	c28253	0	73	28253	2754	28253_E	0
16131_7	c28159	0	7	28159	2742	28159_E	11
16101_50	c2812	0	50	2812	2740	2812	34
16087_25	c28116	0	25	28116	2739	28116	6
16070_8	c28097	0	8	28097	2736	28097	10
16033_16	c28049	0	16	28049	2730	28049	26
15993_64	c28000	0	64	28000	2722	28000	17
15955_73	c2795	0	73	2795	2717	2795_C	0
15955_73	c2795	0	73	2795	2718	2795_E	0
15753_57	c27743	0	57	27743	2691	27743	6
15562_49	c27528	0	49	27528	2666	27528	15
15558_58	c27524	0	58	27524	2665	27524	1
15545_58	c27509	0	58	27509	2663	27509	7
15539_41	c27500	0	41	27500	2660	27500	32
15462_7	c27415	0	7	27415	2645	27415	26
15376_75	c27319	0	75	27319	2629	27319	1
15356_52	c27300	0	52	27300	2626	27300	14
15096_73	c27017	0	73	27017	2594	27017_E	3
15065_69	c26987	0	69	26987	2587	26987	22
15059_31	c26980	0	31	26980	2586	26980	34
15001_60	c26910	0	60	26910	2581	26910	24
14990_53	c26899	0	53	26899	2580	26899	21
14929_52	c26820	0	52	26820	2575	26820	30
14831_29	c26701	0	29	26701	2560	26701	16
14801_33	c26668	0	33	26668	2555	26668	29
14749_45	c26602	0	45	26602	2545	26602	0
14658_67	c2649	0	67	2649	2527	2649	28
14610_52	c26445	0	52	26445	2520	26445	16
14513_80	c26337	0	80	26337	2506	26337_E	0
14509_77	c26332	0	77	26332	2505	26332	5
14441_81	c26258	0	81	26258	2492	26258	15
14423_72	c26234	0	72	26234	2489	26234	28
14412_67	c26223	0	67	26223	2487	26223	3
14387_39	c2619	0	39	2619	2481	2619_A	27
14387_39	c2619	0	39	2619	2482	2619_B	27
14387_39	c2619	0	39	2619	2483	2619_D	27
14387_39	c2619	0	39	2619	2484	2619_E	27
14387_39	c2619	0	39	2619	2485	2619_F	0
14310_9	c26116	0	9	26116	2468	26116	8
14297_51	c26101	0	51	26101	2465	26101	25
14139_53	c25914	0	53	25914	2444	25914	5
13960_53	c2570	0	53	2570	2412	2570	27
13803_66	c25530	0	66	25530	2385	25530	6
13795_70	c2551	0	70	2551	2384	2551	7
13742_50	c25460	0	50	25460	2378	25460	34
13690_64	c2539	0	64	2539	2371	2539	31
13641_8	c25346	0	8	25346	2365	25346	36
13614_37	c25310	0	37	25310	2360	25310	18
13559_15	c25244	0	15	25244	2354	25244	2
13503_31	c25178	0	31	25178	2346	25178	8
13449_46	c25110	0	46	25110	2335	25110	12
13339_29	c24992	0	29	24992	2319	24992	16
13251_7	c24896	0	7	24896	2315	24896	15
13175_67	c24809	0	67	24809	2306	24809	32
13134_81	c24763	0	81	24763	2297	24763	19
13131_26	c24760	0	26	24760	2296	24760	1
13107_81	c2472	0	81	2472	2291	2472	25
13101_15	c24721	0	15	24721	2292	24721	0
12882_59	c24470	0	59	24470	2265	24470	0
12856_29	c24440	0	29	24440	2258	24440	19
12849_12	c24432	0	12	24432	2257	24432	2
12798_27	c24377	0	27	24377	2252	24377	19
12792_14	c24371	0	14	24371	2251	24371_E	7
12788_45	c24367	0	45	24367	2250	24367	33
12778_80	c24357	0	80	24357	2246	24357	9
12724_42	c2429	0	42	2429	2244	2429	1
12579_30	c24139	0	30	24139	2228	24139	25
12525_24	c24080	0	24	24080	2223	24080_A	10
12510_74	c24063	0	74	24063	2220	24063	8
12447_29	c23996	0	29	23996	2211	23996	12
12361_27	c23901	0	27	23901	2203	23901	33
12273_65	c23804	0	65	23804	2193	23804	37
12240_32	c23760	0	32	23760	2189	23760	26
12223_77	c23735	0	77	23735	2186	23735	4
12114_46	c23606	0	46	23606	2172	23606	0
12093_62	c23585	0	62	23585	2170	23585	25
11975_37	c2344	0	37	2344	2160	2344	0
11942_28	c23411	0	28	23411	2156	23411	24
11910_54	c23377	0	54	23377	2152	23377	1
11896_26	c23360	0	26	23360	2150	23360	27
11857_70	c23315	0	70	23315	2145	23315	7
11850_31	c23308	0	31	23308	2143	23308	27
11835_47	c23293	0	47	23293	2139	23293	1
11719_42	c2316	0	42	2316	2123	2316	27
11608_71	c23029	0	71	23029	2102	23029	15
11533_63	c22945	0	63	22945	2094	22945	29
11436_42	c22832	0	42	22832	2079	22832	6
11265_20	c22637	0	20	22637	2055	22637	12
11229_23	c2258	0	23	2258	2046	2258	7
11223_63	c22583	0	63	22583	2047	22583	17
11186_21	c2253	0	21	2253	2039	2253	20
11170_69	c2251	0	69	2251	2038	2251	2
11156_21	c22503	0	21	22503	2036	22503	6
11093_47	c22435	0	47	22435	2028	22435	0
11061_16	c2239	0	16	2239	2023	2239	14
10993_21	c22319	0	21	22319	2014	22319	25
10887_45	c2219	0	45	2219	1993	2219	7
10886_35	c22199	0	35	22199	1996	22199_A	11
10886_35	c22199	0	35	22199	1997	22199_B	2
10824_25	c22127	0	25	22127	1982	22127	26
10598_82	c21874	0	82	21874	1946	21874	16
10482_29	c21736	0	29	21736	1933	21736	17
10463_11	c21712	0	11	21712	1930	21712	25
10462_79	c21711	0	79	21711	1929	21711	14
10425_79	c21670	0	79	21670	1926	21670	13
10299_23	c21529	0	23	21529	1905	21529	13
10128_42	c21338	0	42	21338	1876	21338	1
10117_57	c21326	0	57	21326	1874	21326	3
9924_26	c21119	0	26	21119	1850	21119	24
9916_53	c21111	0	53	21111	1849	21111	23
9899_55	c21092	0	55	21092	1847	21092	14
9867_21	c21053	0	21	21053	1841	21053	36
9818_44	c20998	0	44	20998	1834	20998	3
9746_68	c20917	0	68	20917	1822	20917	1
9715_77	c20880	0	77	20880	1819	20880	30
9678_43	c20837	0	43	20837	1811	20837	10
9658_17	c20816	0	17	20816	1807	20816	12
9646_27	c20802	0	27	20802	1805	20802	14
9540_11	c2068	0	11	2068	1783	2068	11
9532_58	c20681	0	58	20681	1784	20681	29
9530_7	c2067	0	7	2067	1781	2067	3
9451_64	c20588	0	64	20588	1772	20588	5
9424_12	c20551	0	12	20551	1769	20551	23
9317_44	c20431	0	44	20431	1748	20431_E	0
9263_58	c20371	0	58	20371	1741	20371	10
9235_51	c20340	0	51	20340	1737	20340	18
9160_49	c20259	0	49	20259	1728	20259	25
9117_9	c20210	0	9	20210	1727	20210	19
9093_49	c20183	0	49	20183	1723	20183	23
9057_70	c20141	0	70	20141	1716	20141	30
8978_18	c20050	0	18	20050	1701	20050	1
8960_28	c20032	0	28	20032	1696	20032	6
8923_57	c19993	0	57	19993	1687	19993	12
8861_60	c19923	0	60	19923	1676	19923	3
8830_77	c19893	0	77	19893	1672	19893	3
8796_25	c19844	0	25	19844	1665	19844	30
8790_77	c19837	0	77	19837	1662	19837_A	7
8790_77	c19837	0	77	19837	1663	19837_B	3
8774_47	c19817	0	47	19817	1661	19817_A	11
8770_71	c19807	0	71	19807	1660	19807	10
8745_10	c19777	0	10	19777	1655	19777	0
8741_18	c19771	0	18	19771	1653	19771	31
8706_69	c1972	0	69	1972	1646	1972	33
8601_44	c19615	0	44	19615	1631	19615	35
8523_37	c19522	0	37	19522	1618	19522	27
8513_70	c1950	0	70	1950	1613	1950	12
8408_56	c19398	0	56	19398	1598	19398	25
8371_9	c19350	0	9	19350	1587	19350	7
8347_45	c19320	0	45	19320	1583	19320	4
8242_59	c19200	0	59	19200	1572	19200	16
8239_40	c19199	0	40	19199	1570	19199	6
8203_62	c19157	0	62	19157	1563	19157	8
8118_29	c1905	0	29	1905	1550	1905	29
8105_65	c19045	0	65	19045	1549	19045	32
7957_25	c18879	0	25	18879	1526	18879	7
7881_26	c1878	0	26	1878	1507	1878	25
7867_83	c18775	0	83	18775	1506	18775	29
7855_48	c18759	0	48	18759	1504	18759	34
7847_37	c18749	0	37	18749	1502	18749	1
7799_11	c18690	0	11	18690	1488	18690	9
7788_75	c1867	0	75	1867	1486	1867_E	10
7614_62	c18490	0	62	18490	1454	18490	35
7465_82	c18321	0	82	18321	1432	18321	32
7454_64	c1830	0	64	1830	1429	1830	35
7420_12	c18272	0	12	18272	1424	18272	5
7382_37	c1822	0	37	1822	1418	1822	2
7379_41	c18227	0	41	18227	1419	18227	7
7347_17	c18188	0	17	18188	1412	18188	8
7314_17	c18150	0	17	18150	1406	18150	6
7283_74	c18118	0	74	18118	1400	18118	25
7226_30	c1805	0	30	1805	1391	1805	10
7139_19	c17964	0	19	17964	1378	17964	22
7104_41	c17919	0	41	17919	1369	17919	14
7028_41	c17837	0	41	17837	1354	17837	2
7019_65	c17827	0	65	17827	1353	17827	6
6991_58	c177	0	58	177	1329	177	14
6924_63	c17726	0	63	17726	1332	17726	26
6889_38	c17688	0	38	17688	1328	17688	15
6876_83	c17674	0	83	17674	1325	17674	11
6861_46	c17658	0	46	17658	1323	17658	10
6764_9	c1754	0	9	1754	1308	1754_A	2
6764_9	c1754	0	9	1754	1309	1754_E	11
6764_9	c1754	0	9	1754	1310	1754_F	0
6752_32	c17536	0	32	17536	1305	17536	12
6738_16	c17520	0	16	17520	1303	17520	13
6616_34	c17383	0	34	17383	1287	17383	16
6564_57	c1731	0	57	1731	1272	1731	15
6412_61	c17144	0	61	17144	1255	17144	29
6278_22	c16997	0	22	16997	1234	16997	12
6123_51	c16828	0	51	16828	1208	16828	27
6106_30	c16804	0	30	16804	1200	16804	31
6098_32	c16798	0	32	16798	1195	16798	33
5964_44	c16633	0	44	16633	1179	16633	12
5935_81	c1659	0	81	1659	1171	1659_A	3
5935_81	c1659	0	81	1659	1172	1659_E	7
5876_33	c16535	0	33	16535	1162	16535	20
5778_77	c1642	0	77	1642	1142	1642	25
5766_10	c16416	0	10	16416	1140	16416	30
5750_81	c16399	0	81	16399	1138	16399	26
5679_8	c16313	0	8	16313	1128	16313	9
5678_82	c16312	0	82	16312	1127	16312	5
5676_62	c16309	0	62	16309	1125	16309_E	19
5656_12	c16289	0	12	16289	1122	16289	4
5595_15	c1621	0	15	1621	1113	1621_A	26
5582_16	c16205	0	16	16205	1110	16205	18
5488_70	c1609	0	70	1609	1091	1609	14
5476_77	c1607	0	77	1607	1088	1607_A	11
5476_77	c1607	0	77	1607	1089	1607_C	19
5341_55	c15923	0	55	15923	1068	15923	11
5252_66	c1581	0	66	1581	1056	1581	17
5198_46	c15754	0	46	15754	1049	15754	24
5170_42	c15725	0	42	15725	1045	15725	24
5049_79	c15591	0	79	15591	1029	15591	34
5041_51	c15583	0	51	15583	1027	15583	8
4949_13	c15489	0	13	15489	1014	15489	22
4935_23	c15474	0	23	15474	1012	15474	4
4868_26	c15402	0	26	15402	998	15402	2
4828_33	c15357	0	33	15357	989	15357	32
4821_26	c15349	0	26	15349	986	15349	11
4789_45	c15311	0	45	15311	980	15311	9
4740_76	c1525	0	76	1525	971	1525	12
4703_33	c15216	0	33	15216	965	15216	36
4696_46	c1520	0	46	1520	964	1520	15
4646_47	c15154	0	47	15154	950	15154	31
4643_77	c15151	0	77	15151	949	15151	31
4631_41	c15137	0	41	15137	944	15137	3
4589_43	c15093	0	43	15093	938	15093	16
4518_59	c15017	0	59	15017	927	15017	20
4458_60	c14941	0	60	14941	915	14941	27
4439_50	c14919	0	50	14919	912	14919	9
4426_28	c14905	0	28	14905	909	14905	25
4393_51	c14876	0	51	14876	903	14876	14
4366_22	c14845	0	22	14845	897	14845	22
4361_78	c1483	0	78	1483	894	1483	32
4342_16	c14813	0	16	14813	891	14813	12
4327_83	c14799	0	83	14799	887	14799	10
4327_83	c14799	0	83	14799	888	14799	10
4327_83	c14799	0	83	14799	889	14799	28
4327_83	c14799	0	83	14799	890	14799	28
4277_83	c14744	0	83	14744	880	14744	24
4273_73	c1473	0	73	1473	874	1473	9
4179_53	c14629	0	53	14629	867	14629	0
4128_50	c14576	0	50	14576	860	14576	6
4092_66	c1453	0	66	1453	855	1453_A	32
4004_42	c14429	0	42	14429	830	14429	1
3953_7	c14371	0	7	14371	825	14371	21
3884_32	c1428	0	32	1428	816	1428	3
3845_74	c1423	0	74	1423	803	1423	26
3725_12	c14105	0	12	14105	787	14105	19
3706_74	c14081	0	74	14081	782	14081	27
3651_56	c14023	0	56	14023	777	14023	18
3539_12	c13900	0	12	13900	751	13900	30
3505_78	c13860	0	78	13860	745	13860	24
3461_39	c13811	0	39	13811	737	13811_E	0
3403_53	c13749	0	53	13749	728	13749	8
3364_70	c13700	0	70	13700	722	13700	7
3343_56	c1367	0	56	1367	717	1367_C	6
3316_40	c13645	0	40	13645	702	13645	34
3271_44	c1358	0	44	1358	694	1358	36
3267_18	c13586	0	18	13586	696	13586	6
3263_61	c13581	0	61	13581	695	13581	3
3256_41	c13575	0	41	13575	693	13575	8
3252_6	c13570	0	6	13570	692	13570	18
3201_56	c13514	0	56	13514	685	13514	19
3192_71	c13505	0	71	13505	683	13505	10
3168_75	c13472	0	75	13472	675	13472	25
3091_31	c1338	0	31	1338	661	1338	9
3082_73	c13381	0	73	13381	662	13381	6
3069_38	c13365	0	38	13365	657	13365	18
3046_23	c13341	0	23	13341	654	13341	13
3037_14	c13329	0	14	13329	651	13329	18
3008_16	c132	0	16	132	634	132	16
2945_54	c13237	0	54	13237	640	13237	25
2924_25	c13212	0	25	13212	636	13212	15
2890_27	c13180	0	27	13180	632	13180_A	12
2890_27	c13180	0	27	13180	633	13180_E	27
2822_61	c13102	0	61	13102	616	13102	22
2764_28	c13042	0	28	13042	607	13042	9
2734_51	c13007	0	51	13007	601	13007	4
2579_66	c12840	0	66	12840	581	12840	33
2564_60	c1281	0	60	1281	579	1281	8
2555_25	c12808	0	25	12808	578	12808	2
2530_18	c12779	0	18	12779	571	12779	29
2512_41	c12761	0	41	12761	566	12761	12
2482_59	c12724	0	59	12724	556	12724	17
2466_80	c12707	0	80	12707	549	12707	5
2462_18	c12703	0	18	12703	548	12703	17
2457_40	c12699	0	40	12699	545	12699	34
2405_12	c12639	0	12	12639	534	12639	0
2335_82	c12566	0	82	12566	523	12566	14
2330_83	c12561	0	83	12561	521	12561	11
2272_19	c124	0	19	124	488	124	5
2271_46	c1249	0	46	1249	507	1249	0
2242_78	c12460	0	78	12460	500	12460	22
2198_24	c12408	0	24	12408	490	12408	35
2139_50	c12347	0	50	12347	482	12347	2
2098_14	c12300	0	14	12300	470	12300	26
2050_41	c12248	0	41	12248	465	12248	1
2000_57	c12191	0	57	12191	455	12191	19
1997_39	c12189	0	39	12189	454	12189	31
1938_62	c12117	0	62	12117	438	12117	5
1926_15	c12104	0	15	12104	434	12104	29
1854_30	c12027	0	30	12027	419	12027	31
1790_22	c11952	0	22	11952	405	11952	4
1769_76	c11931	0	76	11931	396	11931_C	5
1769_76	c11931	0	76	11931	397	11931_D	5
1769_76	c11931	0	76	11931	398	11931_E	5
1598_52	c11737	0	52	11737	360	11737	29
1584_6	c11722	0	6	11722	355	11722_A	10
1584_6	c11722	0	6	11722	356	11722_C	0
1568_22	c11704	0	22	11704	351	11704_A	37
1568_22	c11704	0	22	11704	352	11704_B	9
1568_22	c11704	0	22	11704	353	11704_E	0
1532_17	c11667	0	17	11667	347	11667	4
1510_58	c11643	0	58	11643	340	11643	6
1504_74	c11637	0	74	11637	338	11637	36
1487_82	c1161	0	82	1161	330	1161	30
1475_44	c11608	0	44	11608	329	11608	3
1464_36	c11599	0	36	11599	325	11599_C	0
1464_36	c11599	0	36	11599	326	11599_E	9
1459_69	c11593	0	69	11593	324	11593	1
1457_72	c11591	0	72	11591	323	11591	0
1415_14	c11542	0	14	11542	315	11542	3
1413_75	c11540	0	75	11540	314	11540	36
1410_53	c11537	0	53	11537	313	11537	2
1407_44	c11534	0	44	11534	312	11534	11
1379_50	c11506	0	50	11506	308	11506	20
1361_12	c11488	0	12	11488	305	11488	16
1334_67	c11454	0	67	11454	300	11454	17
1274_18	c11385	0	18	11385	286	11385	8
1259_56	c11368	0	56	11368	282	11368	17
1204_33	c11309	0	33	11309	275	11309	8
1194_71	c11299	0	71	11299	273	11299	26
1187_68	c11292	0	68	11292	270	11292_E	12
1187_68	c11292	0	68	11292	271	11292_F	27
1179_13	c11284	0	13	11284	268	11284	3
1158_56	c11261	0	56	11261	263	11261	9
1140_34	c11241	0	34	11241	255	11241	0
1110_70	c11212	0	70	11212	249	11212	16
1094_45	c11198	0	45	11198	247	11198	33
1087_41	c1118	0	41	1118	245	1118	0
1040_12	c11138	0	12	11138	235	11138	22
1034_23	c11127	0	23	11127	233	11127	33
1024_74	c11118	0	74	11118	231	11118	27
1010_13	c11102	0	13	11102	226	11102	9
980_25	c11071	0	25	11071	219	11071	26
968_12	c11060	0	12	11060	215	11060	23
942_83	c11035	0	83	11035	209	11035	10
918_37	c11009	0	37	11009	207	11009	14
904_78	c10998	0	78	10998	203	10998	19
885_50	c10979	0	50	10979	197	10979	24
832_75	c10920	0	75	10920	191	10920	2
821_31	c1090	0	31	1090	189	1090	7
817_76	c10905	0	76	10905	190	10905_A	2
783_67	c10872	0	67	10872	183	10872	1
782_31	c10871	0	31	10871	182	10871	15
769_67	c10857	0	67	10857	181	10857	12
741_66	c10829	0	66	10829	176	10829_C	0
741_66	c10829	0	66	10829	177	10829_E	0
637_64	c10706	0	64	10706	155	10706	3
557_19	c10622	0	19	10622	140	10622	31
548_46	c10612	0	46	10612	136	10612	29
530_28	c10592	0	28	10592	131	10592	13
518_62	c10577	0	62	10577	127	10577	14
395_17	c10437	0	17	10437	98	10437	22
380_59	c1041	0	59	1041	93	1041	10
378_70	c10418	0	70	10418	96	10418	9
364_49	c10400	0	49	10400	91	10400	7
359_6	c10396	0	6	10396	90	10396	15
341_8	c10375	0	8	10375	85	10375_A	9
334_81	c10366	0	81	10366	84	10366	16
294_62	c10323	0	62	10323	78	10323	32
263_8	c10291	0	8	10291	66	10291_A	16
263_8	c10291	0	8	10291	67	10291_E	0
251_13	c10278	0	13	10278	63	10278	21
204_41	c1021	0	41	1021	50	1021	32
160_19	c10172	0	19	10172	44	10172	10
135_9	c10144	0	9	10144	41	10144	16
128_66	c10137	0	66	10137	38	10137	2
90_75	c10098	0	75	10098	24	10098	17
76_65	c10081	0	65	10081	18	10081	1
63_53	c10068	0	53	10068	15	10068_A	37
63_53	c10068	0	53	10068	16	10068_B	9
2_70	c10001	0	70	10001	1	10001	10
