LEPname	paper1_LG	cM_rounded	left_right	y
4557	1	52	left_diff	0.5
7289	1	52	left_diff	0.5
19	1	53	left_diff	0.508982035928
125	1	53	left_diff	0.490797546012
539	1	53	left_diff	0.512048192771
1821	1	53	left_diff	0.511904761905
3111	1	53	left_diff	0.518518518519
5448	1	53	left_diff	0.517441860465
5735	1	53	left_diff	0.529032258065
7331	1	53	left_diff	0.490909090909
8750	1	53	left_diff	0.511627906977
9782	1	53	left_diff	0.494047619048
11409	1	53	left_diff	0.528301886792
11494	1	53	left_diff	0.511764705882
2328	1	55	left_diff	0.509090909091
6779	1	57	left_diff	0.488235294118
8648	1	59	left_diff	0.494117647059
10501	1	60	left_diff	0.497005988024
3170	2	56	left_diff	0.493975903614
4737	2	56	left_diff	0.506024096386
3775	2	57	left_diff	0.515151515152
10858	2	57	left_diff	0.511627906977
5676	2	62	left_diff	0.556886227545
7519	2	62	left_diff	0.566473988439
9256	2	62	left_diff	0.562913907285
9419	2	62	left_diff	0.564417177914
8020	2	63	left_diff	0.567073170732
9667	2	63	left_diff	0.58282208589
5515	2	66	left_diff	0.59649122807
5907	2	66	left_diff	0.597633136095
8426	2	66	left_diff	0.591463414634
11953	2	66	left_diff	0.6
8180	2	67	left_diff	0.571428571429
1075	2	68	left_diff	0.60843373494
2202	2	68	left_diff	0.59649122807
2277	2	68	left_diff	0.622641509434
4660	2	68	left_diff	0.609467455621
4682	2	68	left_diff	0.608391608392
5168	2	68	left_diff	0.606060606061
7912	2	68	left_diff	0.616766467066
8297	2	68	left_diff	0.601226993865
11844	2	68	left_diff	0.587878787879
9784	2	69	left_diff	0.589285714286
5647	2	70	left_diff	0.578313253012
4793	2	72	left_diff	0.56976744186
6412	2	72	left_diff	0.566265060241
6554	2	72	left_diff	0.58
11057	4	44	left_diff	0.466257668712
1012	4	45	left_diff	0.453488372093
2670	4	45	left_diff	0.476821192053
4639	4	45	left_diff	0.450292397661
8188	4	45	left_diff	0.452380952381
10730	4	45	left_diff	0.464285714286
1085	4	46	left_diff	0.461538461538
1360	4	46	left_diff	0.464705882353
2023	4	46	left_diff	0.479041916168
8003	4	46	left_diff	0.477707006369
9470	4	46	left_diff	0.469879518072
175	4	47	left_diff	0.46783625731
351	4	47	left_diff	0.47619047619
984	4	48	left_diff	0.486301369863
1217	4	48	left_diff	0.491124260355
9138	4	48	left_diff	0.488095238095
10365	4	48	left_diff	0.5
7029	4	50	left_diff	0.496815286624
9506	4	50	left_diff	0.502958579882
9793	4	50	left_diff	0.497041420118
5763	4	52	left_diff	0.510067114094
8887	4	52	left_diff	0.506097560976
1543	4	54	left_diff	0.524390243902
5866	4	54	left_diff	0.480263157895
9710	4	54	left_diff	0.514792899408
1584	4	58	left_diff	0.484848484848
4095	4	58	left_diff	0.488235294118
3420	4	59	left_diff	0.49375
11177	4	59	left_diff	0.503105590062
6664	4	73	left_diff	0.506024096386
11753	4	73	left_diff	0.490322580645
2496	10	46	left_diff	0.458823529412
2543	10	46	left_diff	0.46783625731
4041	10	46	left_diff	0.468531468531
6353	10	46	left_diff	0.462427745665
7311	10	46	left_diff	0.455621301775
7494	10	46	left_diff	0.461038961039
8205	10	46	left_diff	0.461988304094
8809	10	46	left_diff	0.469512195122
2619	10	48	left_diff	0.496815286624
4821	10	49	left_diff	0.465408805031
6877	10	49	left_diff	0.487654320988
9159	10	49	left_diff	0.487804878049
192	10	50	left_diff	0.479532163743
1877	10	50	left_diff	0.482352941176
7027	10	50	left_diff	0.470930232558
9399	10	50	left_diff	0.459119496855
10372	10	50	left_diff	0.485549132948
11045	10	50	left_diff	0.507042253521
4693	10	51	left_diff	0.485380116959
11613	10	52	left_diff	0.493975903614
3784	13	51	left_diff	0.456953642384
4076	13	51	left_diff	0.450617283951
7606	13	51	left_diff	0.456140350877
9199	13	51	left_diff	0.453987730061
4309	13	53	left_diff	0.464705882353
6746	13	53	left_diff	0.457831325301
7992	13	53	left_diff	0.467065868263
9056	13	53	left_diff	0.482993197279
9117	13	53	left_diff	0.458598726115
9202	13	53	left_diff	0.457317073171
3715	14	53	left_diff	0.473372781065
8920	14	53	left_diff	0.475609756098
3436	14	55	left_diff	0.5
8107	14	55	left_diff	0.488372093023
8966	14	55	left_diff	0.487804878049
617	14	57	left_diff	0.505952380952
1668	14	57	left_diff	0.511764705882
4448	14	57	left_diff	0.5
6281	14	57	left_diff	0.496932515337
8199	14	57	left_diff	0.5
11479	14	57	left_diff	0.502923976608
11552	14	57	left_diff	0.512048192771
156	14	59	left_diff	0.513333333333
2545	14	59	left_diff	0.518518518519
4736	14	59	left_diff	0.517647058824
6676	14	62	left_diff	0.522012578616
10394	14	63	left_diff	0.527950310559
268	19	59	left_diff	0.472727272727
2216	19	59	left_diff	0.487804878049
3060	19	59	left_diff	0.473372781065
5489	19	59	left_diff	0.490909090909
7272	19	59	left_diff	0.471698113208
990	19	60	left_diff	0.482142857143
1817	19	60	left_diff	0.48427672956
4060	19	60	left_diff	0.479289940828
4486	19	60	left_diff	0.5
6586	19	60	left_diff	0.485207100592
8934	19	60	left_diff	0.490797546012
3689	19	61	left_diff	0.485549132948
4667	19	61	left_diff	0.491228070175
612	19	63	left_diff	0.494117647059
7387	19	63	left_diff	0.485207100592
3321	28	50	left_diff	0.453987730061
2078	28	52	left_diff	0.472049689441
2478	28	52	left_diff	0.479289940828
2972	28	52	left_diff	0.465838509317
4581	28	52	left_diff	0.473372781065
5115	28	52	left_diff	0.467948717949
5450	28	52	left_diff	0.464285714286
6978	28	52	left_diff	0.456140350877
10725	28	52	left_diff	0.478260869565
491	28	54	left_diff	0.461077844311
6590	28	54	left_diff	0.476470588235
10158	28	54	left_diff	0.491017964072
2504	28	58	left_diff	0.451219512195
8168	29	52	left_diff	0.455128205128
2561	29	54	left_diff	0.452380952381
9515	29	54	left_diff	0.469512195122
9830	29	54	left_diff	0.455089820359
5306	30	58	left_diff	0.464968152866
11478	30	58	left_diff	0.459770114943
3392	30	59	left_diff	0.455089820359
7210	30	59	left_diff	0.454545454545
2167	30	61	left_diff	0.508982035928
4637	30	62	left_diff	0.505952380952
5243	30	62	left_diff	0.488095238095
9680	30	62	left_diff	0.49696969697
10752	30	62	left_diff	0.491228070175
11331	30	62	left_diff	0.46875
6305	30	64	left_diff	0.488095238095
3132	32	69	left_diff	0.459302325581
8988	32	69	left_diff	0.459770114943
11481	32	69	left_diff	0.454545454545
4234	32	70	left_diff	0.457831325301
7369	32	70	left_diff	0.453333333333
8054	32	70	left_diff	0.457516339869
10167	32	70	left_diff	0.458333333333
2789	32	72	left_diff	0.490909090909
4323	32	72	left_diff	0.473053892216
5068	32	72	left_diff	0.470588235294
7179	32	72	left_diff	0.464705882353
7285	32	72	left_diff	0.480519480519
7547	32	72	left_diff	0.479768786127
8779	32	72	left_diff	0.484848484848
9185	32	73	left_diff	0.452941176471
11202	32	73	left_diff	0.467455621302
991	34	48	left_diff	0.462427745665
3507	34	48	left_diff	0.46875
7302	34	50	left_diff	0.45625
8731	34	50	left_diff	0.476470588235
4591	34	51	left_diff	0.476744186047
6929	34	51	left_diff	0.45625
7723	34	51	left_diff	0.481012658228
9077	34	51	left_diff	0.473372781065
1424	34	52	left_diff	0.473372781065
4075	34	52	left_diff	0.464285714286
4756	34	52	left_diff	0.470238095238
4914	34	52	left_diff	0.482352941176
6594	34	52	left_diff	0.466666666667
9652	34	52	left_diff	0.476470588235
9993	34	52	left_diff	0.48125
11434	34	52	left_diff	0.482142857143
7473	34	53	left_diff	0.488235294118
9004	34	53	left_diff	0.477987421384
2034	34	54	left_diff	0.506024096386
977	34	56	left_diff	0.47619047619
9423	34	56	left_diff	0.491329479769
1070	35	48	left_diff	0.462962962963
8680	35	48	left_diff	0.452941176471
