65095
55615
54315
52861
5098
11549
78852
69422
55291
5983
55299
24716
51064
65273
65277
51283
43875
56231
42458
12702
61198
6796
6795
42247
27378
48307
13608
62384
14929
51600
55585
32787
60820
33910
57293
69372
76438
3778
48448
13546
4651
16708
36204
55831
52392
43980
65477
61991
57616
77615
26153
53123
12766
26395
63930
11769
75830
26390
43055
63935
69777
2440
63849
63020
63021
2445
10703
64295
64292
42903
21619
64059
60005
49146
8753
56909
45688
2047
4811
42635
16810
16812
46317
64903
64901
57059
54023
57984
53602
58679
65253
54556
54885
54555
54552
57989
70711
63816
10380
41284
60056
24080
46510
8948
5112
18850
63594
54421
2813
45201
6202
63593
84054
2687
42121
7512
41699
59611
59617
40189
41690
54777
57870
10561
49943
53514
9749
1621
30415
10096
57097
67035
58185
57595
54390
71628
66309
33854
63362
33501
59924
33859
9239
59920
78664
65551
7679
58470
58329
59103
12945
58695
3348
73261
62245
62244
46689
68597
5456
7073
44425
18631
54083
30524
1754
40968
6975
47219
8166
45793
29589
23053
78719
5533
8721
62074
14408
47698
50704
1289
7189
8766
76405
8762
77973
19788
1576
66166
4260
13830
13831
31342
55904
61346
50899
66169
54976
5211
87572
60703
59327
48959
6576
61749
61743
73891
29616
28748
42456
401
34158
23294
50415
10764
65087
22472
30018
52815
4187
52816
77111
22674
54402
77289
11373
11372
77762
70552
66767
63611
55026
55021
82187
32646
51297
16661
61237
51290
55242
56224
61238
55249
60349
43861
12712
77026
32794
43463
43460
6785
77593
46121
11289
69569
65646
5842
899
65649
59632
51615
60120
57268
56822
64110
98103
7712
4625
55804
19964
32007
14539
46016
74139
42025
57667
57668
43681
64601
77739
69986
43515
11599
62509
71626
57400
57405
63633
56910
39918
63691
24894
16499
49572
172
39915
2057
74221
72851
52036
64936
7986
46095
53034
42333
45650
42803
45656
10155
53618
11972
70233
45874
9339
58841
33197
48222
77803
3547
3522
43598
22807
68163
58067
63988
20640
49314
9624
58290
54964
53298
51841
60654
45270
63874
63873
2695
54414
54413
70650
62650
6818
70835
54981
4653
71526
51844
54989
10516
7354
41836
48133
48132
58206
48426
7325
7321
58283
75337
67025
67027
41598
61399
41591
64686
8844
8845
59489
30622
68903
40314
3357
14275
41571
14279
7666
79010
68588
7066
62251
44430
54743
26097
37948
30532
68341
78723
1143
12480
40226
1144
54724
23044
67377
23040
59554
23722
59008
697
28359
69844
47689
542
8711
67209
73668
16387
61681
40307
27772
66974
14348
66973
72394
7440
55101
59316
55104
5613
61498
55069
7684
66574
7689
60133
74726
63975
61779
52800
77109
47021
72406
72400
57570
19340
46542
50062
71582
28642
55741
2761
16125
60338
72357
56216
43855
77031
35452
74032
62814
1770
46326
6774
56696
27394
56694
56693
56692
43323
11292
65675
56102
52483
57275
1173
65694
74452
5372
75981
51827
57672
46064
64588
12034
6688
40002
167
52527
69990
43033
7907
53197
9509
52114
57410
16994
60790
13297
6355
61823
74682
12108
43141
52025
49149
69196
46666
42496
42497
11630
46847
46846
57305
57303
45318
48540
45317
45646
45863
58834
45866
49328
12617
46687
57095
13180
22817
3538
5056
27975
63460
58056
9189
75277
1811
45798
68804
7205
14887
63860
53750
10765
6227
41215
70643
41210
58944
58941
70938
40164
71517
59635
40891
57895
57892
13073
3225
1603
1607
87296
8859
808
62794
59834
59835
43609
11968
45083
45081
53355
59126
59942
59129
41782
53406
5470
48051
54356
45885
76777
67169
62224
54751
30508
40948
54755
75941
29291
9892
34408
30764
76511
76516
40787
59544
40782
18360
18369
59548
3039
5592
77917
54
57
52
59491
34314
47837
68249
76175
47832
72272
66148
46940
35047
48931
12588
5600
42833
8523
5609
51455
19925
59309
50477
59300
29637
73878
421
39483
62464
47784
61783
55481
61034
61030
47010
8451
68216
12455
12456
39152
12452
67763
66890
50691
60927
39395
24768
73670
7541
55001
76177
53271
50500
50503
74025
55267
16138
13853
61251
16642
46785
55791
77000
77005
12733
65197
12736
31563
56688
41231
64823
73242
43339
43336
69508
10994
43332
56686
13675
55641
55640
5868
5606
56446
65440
65446
57370
60494
69324
60496
11413
74115
2185
60259
55860
53985
221
2216
41334
57645
42551
31818
56205
6698
41992
75869
43843
6693
64623
151
64005
155
64552
52693
63074
21628
64558
75648
16356
19837
65538
38011
15868
61810
81943
49158
43152
67862
33213
64951
42310
49154
54679
6189
9622
49882
62410
17771
9609
45630
62418
53367
53360
42385
17171
7942
10375
63414
46698
56713
60474
16918
16919
75245
3789
63784
49430
1808
10773
10770
21397
6235
38640
53749
126
4999
45746
44699
20440
58229
18886
44125
64478
63524
53563
63529
53567
8867
14984
68038
3250
68037
7308
71183
13242
44230
70212
11919
71345
816
26836
46332
2851
2850
46334
3333
1492
3330
53412
67105
48601
41557
54324
53419
10194
62934
10905
20044
41159
7734
37741
78740
1124
19362
29133
8935
24371
30350
71764
71765
8738
67775
1012
62755
8516
67952
8515
31009
76235
50867
4195
4191
8282
306
66957
66954
25971
14526
47225
23067
79343
23062
38148
66041
55498
65052
61791
3802
72468
26538
47007
51021
32876
87433
24595
61333
50048
74902
35872
51939
16108
60316
32617
66359
22280
31950
77011
2240
42073
73935
65833
65832
32901
27017
51332
51807
56652
43491
56657
68145
4291
17613
46194
16581
18333
42782
237
56781
56780
2944
46048
26801
7392
55009
77655
56271
10834
65947
43832
52226
58459
56276
52229
63826
75877
17504
17500
10053
20874
79003
19802
7829
4501
10050
13479
64379
79007
64492
66782
76713
52598
2532
17181
29565
11654
58031
58030
58034
9368
20673
58039
17769
9364
53315
53317
21273
9177
52574
7954
7952
8982
7069
9166
68131
63405
17406
70112
16965
63797
3792
42943
42764
46994
53779
2153
57439
53959
63882
19614
27481
58967
58966
54208
44113
62682
48458
59585
11832
53558
63537
58149
48698
75382
67460
63086
37893
54687
8878
44595
69693
37422
36976
11901
30251
59813
59816
59140
2284
15628
15625
67544
53423
58368
62757
67553
7034
59789
20290
58366
68314
57923
12142
5258
20053
36608
60814
18187
15952
52909
1135
1134
50212
1276
41633
24563
42759
24566
58767
62116
59402
24366
42973
62118
3017
14689
8729
8728
71795
42615
71790
1000
72219
8503
12871
44004
47678
35066
40500
72216
6536
6532
15559
28253
2887
44973
50326
50453
47250
47253
66238
76538
77802
55469
43228
65660
11336
11338
77247
88452
51032
74924
36455
15
12474
8185
82415
50039
7765
47472
73615
28677
55209
43314
77068
73038
43310
52964
47103
77797
10121
67045
13892
76821
64806
65043
65823
5806
51493
44661
51812
52368
41562
65319
43958
16758
56647
17376
56642
66610
53649
55686
12047
88077
74466
2231
42571
46055
55820
64684
43827
25769
43799
47267
10829
64571
69015
4609
3491
8425
2091
36348
19817
8423
45534
57225
5060
66611
61347
41315
17790
17153
44746
9178
68120
64373
7969
53096
53097
49193
61900
56881
60453
53769
9577
17089
46988
6250
53940
62325
48814
41408
45764
53549
45985
54230
48460
3276
1654
53781
58154
9717
41081
8889
33397
44583
8882
37431
12313
11939
45610
33155
54836
44743
11931
12919
70417
58480
18993
44561
67082
40041
68782
48009
19586
48296
62745
6427
10224
58374
40915
21512
57919
63347
49849
68490
13134
71564
10068
54787
54786
40269
9837
14303
58572
63
58576
7793
59515
3008
59517
41629
62108
17969
59680
62100
64517
66330
76323
40688
73894
68276
30375
69137
7692
12866
67421
23130
63072
15540
5659
48900
57917
46215
58135
48907
59194
59197
2897
44966
69555
8664
1453
58136
70332
66061
66067
4085
28283
66064
3863
55475
31449
66593
66597
51799
47062
66842
12468
9819
40130
9817
5727
7770
61642
61466
65147
65142
34705
23352
72539
86272
64818
76812
4925
13139
26467
11253
22199
9921
73953
22194
9926
50159
55507
22775
56328
55855
56630
56327
218
73313
74418
11786
11787
42563
12077
12075
16566
69798
44310
77477
6648
71735
74780
52208
65961
4
61266
11722
74896
56521
43763
63643
46735
46737
57165
16309
4567
21076
21071
75832
64962
64963
45421
6394
17366
24914
52373
43104
4892
4890
45329
62914
25201
69167
17141
9496
45514
1859
61911
3009
60424
6268
18351
54349
52151
42216
53934
2604
62353
58900
20926
62267
42986
1932
46951
46950
68067
21322
45284
48677
63517
458
71310
841
50079
7376
3469
55020
33419
41986
53330
44773
41055
37392
18219
37562
48489
44001
84501
7019
55933
10255
27847
59761
54796
54797
49875
29704
57902
54224
54225
40126
71559
11813
54228
71220
34280
15150
76028
754
76027
736
71048
56591
3071
56006
74439
14171
24349
2953
44096
31703
87073
62172
54020
55510
44396
44391
79170
64511
12898
66696
66928
2403
76244
16911
26644
47582
47587
28272
59189
68846
5
1442
28078
23037
23035
72835
15978
28294
72300
13786
28293
50944
4099
55192
8412
67859
28159
44821
86102
70107
51543
50019
55040
7742
57470
66455
61671
61675
61106
61102
6723
8306
4786
4548
43379
72544
28852
59895
5822
15203
58903
4144
86041
4141
55232
15395
54603
66772
22186
55532
56629
60216
60214
75934
22166
22162
14914
70445
16570
80252
51164
69257
56507
12665
56249
69492
19306
65970
56756
38480
199
70551
17556
38489
17553
193
17550
61852
4558
75022
64682
19876
60503
16314
75321
74080
58637
2549
63997
26090
57590
29942
64502
65487
96122
57206
43110
75924
1702
58009
49607
49600
64352
3259
45165
45164
46540
69108
46544
56047
17429
9482
98515
798
9485
52526
16796
45564
32364
42738
43600
68741
42730
68750
43608
12089
54493
53215
53210
72334
2619
32004
5139
48392
10022
43111
3452
44762
10800
53244
36928
54810
12330
45361
41993
41047
70430
48021
57631
71120
44540
74138
63364
62769
57665
9026
60323
14140
53455
57979
63164
44496
44498
5226
57977
39666
64986
44160
70892
41421
8932
59531
67626
59153
47460
3066
3065
7172
6898
50223
73987
44466
20313
5356
5350
62166
17624
62288
4310
616
40483
11046
59407
15566
8247
26892
62010
68501
34477
47262
28592
72825
47040
6416
73792
28915
22371
50481
47738
11308
66869
23593
67840
11301
949
13936
50001
26
86139
9836
31432
44832
67993
50829
31519
22574
61116
44453
19460
65165
6717
43344
72557
19060
93143
4135
56431
73978
28133
60887
25353
19203
75922
55522
75661
22409
42504
39912
25685
69244
77454
88222
76908
12655
65909
51752
69482
43748
13281
69488
25752
82627
61281
19847
17549
64508
69069
63626
65588
75323
49073
64506
17230
60084
68735
61844
32363
65744
60532
65748
64694
42349
64988
46397
2574
56341
57219
10901
52314
46155
52976
26222
46400
49671
63199
57564
57565
73332
9125
10309
10305
53041
59386
57568
75744
63759
52532
7912
7911
4439
61938
6289
42233
4949
41853
75696
57107
26133
63284
54482
63287
53262
20129
45714
49252
63578
46976
46975
63572
62576
3282
63574
3280
56961
56969
57361
62975
57365
10499
57367
10494
2758
46578
71931
33344
62719
53667
10476
45392
54135
62470
38735
62716
63173
45654
29276
68199
54243
14802
58292
58294
68442
40104
44622
46644
62374
18303
44449
15172
54069
62371
55671
17939
71598
48720
15770
68226
57812
1918
20306
58722
58727
58726
40077
33589
79151
49708
65246
67276
7357
30055
66905
40491
24499
65498
46873
30831
59417
5101
7614
7615
29690
1914
46231
40253
5104
76002
68539
87274
1313
51565
15421
48823
61610
28633
76264
25816
66471
66475
7727
3949
50586
55739
50583
22565
61432
87997
61125
66497
51694
8325
77514
74413
9910
76869
15227
13869
9917
56421
56424
77191
55420
48312
5365
53720
61050
69588
61541
53689
64754
35513
54997
6676
31879
4056
56516
51186
11514
69907
82638
65174
50196
57735
5975
5675
17209
16333
3617
63964
63615
8128
58853
56997
1142
25036
74512
62655
10116
46381
42407
78381
10910
65359
52324
26236
17332
46140
52320
38594
46367
42391
49667
47795
10646
71522
69128
57002
60410
60145
1867
36096
3720
42241
5216
74358
967
4682
53906
41847
36257
968
46705
69052
43625
30523
63545
63544
10000
41287
2635
54474
58118
54476
54472
44577
60272
9226
9592
3438
54873
58201
17594
71323
871
46560
4593
2743
2742
4597
49394
57397
42883
53871
2038
891
59733
59739
53479
33332
84799
70986
57957
53677
63388
58606
14162
54583
63386
55712
62704
53679
21558
72649
49802
75008
12048
41443
58280
58933
11846
54907
44144
44145
54271
19943
78529
14346
768
54720
1780
763
15162
34250
54058
54294
62142
62145
62147
41663
48754
59643
49934
75305
62383
79143
20372
18799
34923
52384
44037
44033
40008
1677
78411
76676
58922
4336
676
37859
15502
701
76580
72802
27526
58428
67605
47441
61863
12232
72744
68908
47713
40535
4202
23570
50578
61601
59060
27662
72798
23175
7732
23178
7737
50807
31315
66730
3955
307
73688
72774
4111
51425
73994
51350
50974
32419
61739
73175
70700
16525
51432
65611
32988
74181
56162
73194
27000
21847
31886
40083
81118
56565
65922
76928
26337
5785
61136
60958
52797
65109
60956
51227
60550
63602
55408
63972
16639
12188
25021
77726
76767
6117
57768
7556
10922
64746
43387
32742
55893
52330
72348
64748
63775
49128
52519
64416
57547
56018
53064
65435
56384
65433
60178
958
42705
75513
45554
45555
11726
43658
64524
57167
17212
74191
37946
57169
5164
41278
53832
52608
62552
52606
59608
64257
46916
3429
8998
1969
44731
60776
63028
46598
42895
40557
61095
59896
59897
41283
58382
10291
54607
10293
53482
34803
46822
67517
58631
48522
64915
68424
10580
13169
8905
11853
41473
13167
43732
54042
41654
54044
46632
44465
59090
663
662
41495
51124
54284
59658
58700
48742
24303
40835
40384
1060
57836
1062
68081
44513
44049
71461
71460
1087
30677
1084
1083
29538
45850
59552
76441
87814
71480
18071
2825
44991
2827
35991
62049
62048
20214
14758
67384
76594
17863
49945
65110
47431
1408
72017
68553
68880
70259
51485
62294
34112
54540
6932
40525
8699
11953
40521
17343
5772
1543
21457
7704
24628
32
5571
72908
1247
49271
3969
47382
56653
47162
335
66725
55710
330
53633
40995
77534
51348
48996
55399
51437
12565
50903
61708
63942
55155
92595
3891
32405
55152
55374
16530
25654
74192
46446
74758
31893
5951
11539
76938
69926
52853
50631
65116
65114
51720
60940
61418
60541
74283
64644
21029
64641
63945
42461
60387
16625
61897
72715
2341
6108
6104
43930
43395
43934
27346
64469
56004
56002
62854
46618
57659
64461
9110
49642
52078
57026
64395
33410
3709
65422
41861
21158
60167
53220
75717
46292
2127
9824
42267
42264
46760
46761
57629
11715
43642
43643
6031
43646
62546
36878
5174
54453
5179
20172
41260
46909
75152
51446
52671
44009
7381
46906
49225
33135
53076
53070
8536
70508
9683
53817
9686
44291
57877
14102
9064
59312
5923
71673
42841
15196
52701
46830
58589
53651
49358
18805
60687
60613
68434
7258
4484
53253
6564
48192
48190
54703
6854
33267
40733
63703
702
18663
11885
7017
82
49469
14610
44183
39428
63707
63239
29330
1659
58390
58391
57022
78433
33319
68947
584
9821
59443
78616
47886
76435
8751
47882
40608
54148
49870
17871
7629
54144
5404
31648
28007
56229
47427
67664
72003
72006
68545
66283
77239
73759
77894
1344
55328
457
44872
59288
78976
67800
65542
11150
11153
11152
7719
5540
47398
1503
1507
47390
67487
15113
50284
47170
61395
8371
23338
66750
47376
11239
72758
13808
72750
53104
47379
50135
10099
12571
47084
54381
47083
20652
73403
55367
2081
16058
64476
25642
65636
47536
77411
86301
69932
12618
74763
61080
69447
43258
69443
56547
64089
69448
77094
19422
51082
55702
49006
61159
60975
43897
52283
74542
60579
52287
64656
60575
64655
57624
60375
55967
73245
60373
17812
46113
4717
57705
11418
6133
4719
12765
55561
65710
33681
51669
27357
51880
17478
45237
52064
56039
56038
21905
9477
38893
9475
41811
60118
79902
17678
62079
4471
56816
46331
65121
60281
60280
63954
17271
52779
11704
46027
57143
24843
63839
26176
9270
49740
64272
7391
45229
48610
9279
53717
5145
2468
62274
45592
2656
75141
60754
60753
64269
49581
367
20767
20763
49589
53089
4876
53823
54845
56926
64385
21379
57031
63484
2792
70512
2795
58875
58650
48507
14117
14114
70261
62283
71644
9650
9654
58090
9658
62446
10435
53624
60623
54936
46901
68409
21744
3577
33018
54446
9786
9789
48182
8967
8966
18617
53533
20431
45919
58279
20184
63223
49965
57855
41037
33651
30650
40343
59900
78604
34354
71738
59909
24214
44082
62069
1420
68575
14739
66924
58471
14733
47965
87168
53818
3362
29835
67658
37153
2151
8105
47987
15398
44886
59292
2017
6956
58506
50725
50728
76135
38080
1515
47466
47189
62721
74600
23789
47181
66747
12543
12810
27188
27186
13811
28164
58789
14106
73746
3181
50925
50431
11834
55608
55602
61538
11556
6631
12604
43718
60963
24727
354
24722
73528
61166
50653
48882
61162
25071
52274
64660
64667
52272
54979
73258
6123
75551
60362
73255
55778
65390
22585
81255
57733
288
65623
281
280
64715
282
57285
1117
16466
60617
52013
21178
55826
36214
60100
17395
74393
74390
73216
60298
4642
63920
63923
63924
46038
47902
42045
47316
17023
83570
52128
48375
63039
22913
53380
53834
60581
41934
58885
9465
49116
11600
10604
70073
45103
20536
58640
50946
45855
71380
18462
11950
58868
52722
58083
46818
63452
62456
42820
9647
8955
68149
33068
60637
5085
75046
70673
2677
62855
36030
62183
54760
2923
66990
62189
41113
53525
52237
58267
50545
62674
86574
68705
49970
79107
71654
704
78295
33665
76894
70490
44076
13046
59932
8779
59937
59935
67223
71727
29952
67225
54365
18285
54361
59118
41753
59112
68560
68561
28579
79071
68568
9010
77515
78078
87815
43316
4393
8174
48173
64402
6498
66515
66514
5520
6548
79257
72938
59020
11178
8482
47575
67730
17907
63048
66600
39864
8398
61378
47194
12806
15271
66995
65898
65897
8005
65895
72484
8003
24406
24402
4392
57921
59339
55169
4397
8480
1367
1364
476
72239
47757
7461
25931
28202
