35236
73399
35547
6972
11542
11540
28991
13358
65092
55294
19398
43827
19393
40146
51260
48898
22262
54161
61170
48890
61177
25067
965
65748
58390
55613
59937
74015
57485
55343
82990
88397
27374
6793
27376
46137
46132
6798
56121
56122
53215
56128
75942
57290
57294
57295
25289
25287
55837
274
51880
19974
16705
51848
33302
22484
26127
22489
12013
52468
64675
26125
64671
52460
17251
53007
42082
63024
65253
63022
9259
53732
9254
10700
9252
10706
9522
24883
24885
46794
21615
24888
49561
49563
64906
69171
26020
64455
45445
45443
45116
44241
44240
63111
44244
55686
58078
46863
37794
46867
58072
3519
41286
54810
68171
68177
14627
71829
71534
62881
62880
58210
55608
62888
30412
30418
69887
36153
79071
33850
18702
78668
33857
54179
78665
91064
17827
62084
17825
41568
44377
27578
20259
27570
27571
67109
40741
40746
44421
44420
29816
29760
1176
47218
1171
47215
41557
29925
27610
59039
39593
59030
59031
59036
29108
77979
31236
77971
7183
77977
72703
76883
24727
65889
8548
65880
15284
65884
8540
15283
8010
2330
7451
44938
5520
2658
66505
50419
70522
66501
50414
55629
65084
65086
55330
55621
55332
55335
55337
55336
52813
10880
84905
18055
60901
26568
27662
69414
77285
74955
2317
66768
8295
75530
27729
61235
61234
61239
15552
65262
65263
73076
59732
77020
73070
53367
22012
22010
22017
77758
43462
86228
13614
31905
4727
4726
2307
11288
19706
19707
74487
19702
11281
11280
67384
11284
17626
75286
3745
41829
4629
72835
57660
11755
11754
40297
43686
51106
51107
19563
63908
63905
16399
63902
52101
20732
20734
20880
52109
53671
62505
58607
60014
64022
60011
56969
49173
46651
42338
49174
46655
21939
71214
45651
54208
41359
48557
45876
41355
41352
45872
45871
19176
83867
10396
57082
6631
7211
44657
6217
12227
78664
6218
70837
15709
70343
59625
59624
59623
72327
41175
40881
40885
10579
40887
40886
10574
10577
53500
53501
53503
49794
49795
18930
49793
49791
70551
35991
21428
32466
11885
73255
8842
78808
30628
54279
59950
58937
59485
83289
26818
26819
40085
7664
7667
58685
37165
58681
18823
19036
84485
18537
68340
29596
40556
40221
40222
33501
16505
29599
50080
47683
1542
47687
26394
28357
14470
14473
11112
11115
8710
11199
30336
34305
31575
31574
13844
50888
50889
77563
19106
66976
66971
55103
72396
55107
55105
5612
24371
5616
64251
63964
52641
53769
11561
11564
9526
9527
52272
43851
25043
43857
25733
25046
9253
50521
6778
20053
44425
27393
6772
73447
73446
73917
109
5104
56108
56454
57278
57272
57273
57271
258
51821
51822
65698
254
63873
12032
64612
64610
21613
63044
9502
57413
9506
57417
65522
49543
65529
49547
3689
69198
2515
2516
69192
42810
46514
46516
42815
42816
49320
46519
46518
68111
4195
75074
3534
5055
58051
64450
45794
38562
10761
4393
65390
54845
70136
53758
70133
18893
58947
18890
14863
18895
58230
71511
14929
71516
14868
78395
62315
13074
13075
30436
30435
30434
10994
44224
55291
26455
54193
20272
27805
48052
41546
72890
10184
29996
87366
40768
19093
40944
29293
40947
40766
1157
1151
1150
59542
59019
51227
6548
10387
47933
39571
78136
78132
31748
42871
76206
76207
76201
74115
5983
8528
67780
53940
8527
67788
12585
12584
50475
50478
63924
33765
23053
61785
61031
22659
26545
22383
22384
50699
29040
60922
60925
55498
28656
24769
23385
66789
24763
24760
66785
66780
22031
65200
75514
45764
73054
73050
58547
43449
13671
13676
31967
4745
43447
55647
55310
55648
5867
56816
46059
17605
56849
56668
17600
69788
13519
13514
60250
15436
23927
23926
59265
48540
57640
40314
27233
51125
51120
59262
69034
64557
52698
64003
81380
20719
52161
81388
18344
64008
60079
15349
60071
60076
47965
8137
46679
42318
6180
42312
42311
48784
70587
45638
70584
70583
2722
45633
48200
45325
58290
7941
39807
42174
42170
31342
53504
12205
50899
6230
36580
63257
63254
63521
63522
53562
9777
53561
29355
53565
54691
18953
8864
54692
8863
54697
54696
54699
14988
24167
53166
62786
41371
41372
39956
26
41379
64963
65446
26839
39952
71984
86404
1701
76296
1704
37184
61198
14184
68328
55712
68321
68326
68327
19199
11137
37983
14450
35342
37988
11138
17981
68341
79720
3026
28407
59977
15583
30603
65433
8739
34326
8734
30359
58944
58279
31551
31557
50868
13868
31005
31004
50862
4193
13860
61346
19445
5677
5678
69257
55122
77894
38382
116
2635
44583
62116
66045
18703
51600
13134
23248
23717
23247
23713
59205
59207
59206
12442
54177
27001
64152
74055
74056
50415
64159
55788
55786
55783
6752
6753
9944
9945
56472
73938
56477
73997
16217
9379
57788
51804
53428
19932
16211
45186
62085
239
42781
55876
58088
64639
43835
27928
43838
86387
69200
63068
21874
52786
63066
72348
65541
65543
65546
64490
45407
45404
57254
57256
2539
43164
64942
9786
43169
2537
46533
46530
3360
52573
22832
5076
52578
52579
70118
40740
53953
37635
57432
57433
53956
29769
931
930
53773
53772
36770
10740
18568
14848
68355
11838
14845
40745
14841
11830
33093
48690
38602
62330
38607
43152
10803
80440
44755
44204
80449
21322
68793
68791
68796
59780
20296
41522
68027
29723
29725
9383
67146
83384
67142
799
2412
71575
41629
23054
83129
40924
72078
1136
72073
59560
59562
4067
26991
31761
69916
18744
18743
71791
18749
30015
8050
12873
34515
30013
76224
8508
76222
69913
49430
7719
2882
26668
50458
50457
44970
50327
23011
47252
47255
28097
23018
22632
22637
22634
28363
88290
61012
61017
61015
26526
77243
22852
46381
34373
9624
74918
74919
14058
28678
74911
88452
7942
3271
58471
43315
73039
4765
43311
43312
13657
56018
66187
77064
77795
11248
11246
65477
11242
65044
19749
51498
32919
51494
12571
51497
55663
51491
19030
19031
64796
17379
60271
56317
56315
52367
56641
56643
23901
681
11795
65957
65223
65950
65229
51140
60053
69016
20843
20846
25509
53897
25506
42378
74266
16683
75796
75798
10356
15093
70567
7960
46194
7966
10681
10687
9171
10685
61905
61904
42198
42196
16974
52147
12745
6259
52142
17087
10531
53231
2411
70304
70307
53239
63501
55233
63505
8016
14941
42999
9715
22997
51645
21469
3470
33399
835
37341
37434
14230
33392
37347
41312
20593
45342
48264
20596
41319
86467
67080
71141
71965
68302
5244
5247
5242
15833
13137
13131
52336
40599
50039
40260
78569
40595
33973
5487
54011
17451
3000
58577
48487
35938
17964
1581
20339
20338
38012
59998
28008
53062
30372
37717
66930
31028
66935
31022
31021
31534
31536
57010
69777
21510
62552
49841
67332
4450
46916
1780
23734
28284
66065
28288
46540
47068
56047
21518
51793
6418
59224
12466
12460
12462
30953
35074
35072
73628
73621
3915
54224
19480
55627
56713
3918
8314
8310
6735
8313
72535
78901
6133
72532
56414
28987
50150
73480
9924
52814
55506
214
58679
1515
55500
211
16766
219
81896
88089
6086
12076
12073
6081
77474
55252
77473
69222
67045
1364
11051
43764
43767
43814
23130
43762
38856
65565
65562
49509
49508
44076
21670
3642
75300
2551
64966
64968
81739
45423
11477
15540
43100
57238
43106
46559
46558
46889
46888
670
5016
46550
2472
32281
17144
17417
17411
66761
13307
4415
59491
13302
9548
9549
53933
9545
911
36287
58909
62354
14820
58902
24359
15932
7918
45287
45282
41505
41056
41052
221
71896
41058
27849
37446
59767
95662
40902
44482
57908
39616
18500
37082
37081
18506
71552
78350
76324
15151
15154
34288
76797
76023
72055
4428
59197
39532
50062
78681
31704
7162
7164
78179
38479
8078
12899
34069
8071
8077
76245
64089
46400
26641
44950
26649
40679
86618
77324
86613
50301
1446
1444
1116
47277
23036
68849
69588
23135
47660
22342
22615
27738
4301
59424
6338
6523
72236
72947
28619
72232
72231
79222
10471
79228
77046
13617
92390
77040
59892
73548
92399
4785
4782
4780
19014
51306
51302
5826
93624
11261
11266
71295
65023
65021
65027
61079
64779
60215
32007
60218
45361
25691
12330
25694
39650
74489
17812
51169
77813
23965
23967
65799
49671
27275
65971
9671
53645
43590
64513
69074
192
60575
52314
31453
53959
21993
42429
21995
78765
17311
17313
78764
33213
12793
12791
12795
57577
75284
39845
56754
57572
70093
70547
7908
7909
16955
16958
63158
40500
42349
61923
61922
62079
12248
61929
20825
17895
69015
53558
49945
53211
53212
49265
21330
63561
63563
63562
37419
21338
3451
75116
75115
3459
858
12468
45368
45367
41996
32003
48242
71940
71941
71942
40063
78832
3864
11852
68678
68679
5229
54915
68671
68673
5227
15816
78541
71059
33919
18339
17940
33911
54073
58592
14495
45943
62169
18674
23570
76490
67535
67539
66669
66668
66918
66916
40269
47599
47590
71006
50531
40245
44622
47737
51004
17919
28914
66005
28910
28912
48811
48817
48815
494
495
496
48819
492
493
15368
9539
6470
15366
15365
31040
7755
62502
32892
32896
78967
32894
78969
19464
3937
32541
8332
8330
6718
61647
72552
6714
6712
6711
9906
9907
34939
56433
9909
50178
50174
50172
72774
19200
32090
55521
177
65149
20365
69242
4046
13751
26315
26311
43291
25753
43294
24809
49070
90427
34705
64989
64984
64983
43129
11458
68733
57746
57747
57744
7357
11452
3593
58149
3597
5038
5033
5031
60155
60406
60405
4436
4431
4430
60401
60159
13329
52534
64189
70159
46301
70157
19923
46305
41297
48655
20121
47541
40126
9064
64238
12455
48385
39989
44717
39980
39982
46577
49380
42653
49387
42651
14876
46579
27861
41075
27869
45009
10474
53666
53661
59020
50345
78374
63177
29279
78370
39670
57961
57967
57965
54242
54240
54241
11874
54245
18526
18837
47941
59522
48226
59525
48553
15175
48220
7100
47942
7104
51186
7106
69990
78156
63821
1681
57107
1684
54836
1688
37602
18785
67275
30058
58068
67272
8480
62049
40657
47757
40652
14776
28056
14772
58430
28053
68168
66278
24251
68534
61779
47927
41562
73781
73782
77205
18631
4239
13925
4233
18805
5590
5599
72962
79201
76265
19797
79208
72782
50585
318
50581
19795
31982
35600
50589
35358
73562
314
66493
66491
13900
16939
43354
19075
51369
70938
65000
70129
61727
48610
61053
4310
53721
69589
25320
25325
60894
13908
60233
60234
60236
23411
27256
76912
15402
51181
11292
22094
65913
44991
78388
2290
51985
32373
51980
67952
6643
55959
71299
46388
46389
59629
42401
52982
56602
17339
52328
57553
57551
7293
57557
7299
53055
53052
10643
57003
39860
63769
10255
63765
63764
61949
61941
6295
6294
5533
60094
64536
64535
69726
49581
64532
69722
29376
20802
20801
26129
20516
85575
80092
63819
63818
63548
60754
53158
9509
49246
49243
75178
56743
56970
3430
877
75172
75175
56979
70523
4591
2745
78852
53197
38498
9758
56446
71699
44521
24144
5201
11998
5209
54580
14160
11994
58600
42247
62490
62495
29276
36071
13172
33245
78528
54055
33934
14341
54050
78521
11198
78523
71070
18649
17924
3046
45929
34928
20371
27412
27415
45927
40003
23048
19866
67514
27263
35378
30524
72581
39649
61862
29512
61860
1322
1320
28938
21178
59267
59266
6905
15435
15345
12428
6458
27062
48833
8132
48837
18714
50772
7735
72570
32569
33538
55098
55099
72576
55094
19441
19440
32566
55092
34743
59956
47795
43332
73990
19050
24440
66023
64823
24449
50116
335
27542
55549
61553
61551
65615
76435
8751
38187
2215
7325
22131
22132
69269
26339
4066
43724
69918
86326
26332
10494
86323
77434
26810
17837
27938
9789
39843
3608
60395
73229
57765
57762
37167
19227
19993
19997
19996
19999
56015
17103
56010
46121
52048
60171
13341
74161
57495
36710
953
74168
957
956
42090
42094
49014
85361
55155
48632
20141
20147
48635
62824
8966
77407
16852
54446
6335
6336
42892
42894
28592
42897
40225
59720
59725
45024
45025
57940
29210
53640
53647
10108
60623
57948
10104
10107
10106
59327
57397
68409
63159
63151
63153
54268
18818
33036
37041
8906
11857
44196
44194
44199
42962
49607
49901
49906
6068
66772
16570
59005
12098
84234
1662
34477
68732
590
67257
67707
67703
4070
50347
40630
71489
50341
44994
3386
5417
58414
14755
5418
34246
34240
79048
1401
79046
68886
1405
13904
52964
35193
77886
73769
77226
73764
77223
18101
3261
41889
12565
47685
34021
58885
76288
58535
30079
79266
77089
699
73501
73507
51678
47360
47362
11227
11223
30334
48994
58726
55397
51341
32973
48999
25903
25908
75374
60216
23435
74752
65280
65935
65937
65938
39138
74288
55972
55971
16198
16627
32355
80654
32351
12756
16191
64731
64730
64883
64734
64881
56370
3547
42705
56374
16997
9446
57533
57020
57027
9442
57536
36619
12282
21156
61968
75489
11924
69707
64085
64084
23040
26101
21485
42287
42286
21480
3417
3414
22932
19306
75623
37452
12751
75629
33363
32454
8026
56953
13489
71131
53077
10661
4862
36204
2016
10668
4865
14105
58622
72395
71676
37248
71906
52700
54649
13155
60610
20681
10592
36507
54700
18664
1144
2540
41486
48174
20355
41482
45902
20351
17900
17902
62617
45908
9039
59739
34904
57919
44050
40028
78598
47884
47554
47881
47550
12998
11121
62456
54791
29534
29531
67394
67395
19901
78507
37249
78505
40288
56653
78591
40282
76544
61961
451
47771
47776
76548
6929
6928
6921
6920
15412
55020
26744
50752
7716
39304
41986
50288
13371
7899
61390
74176
53244
72590
50132
74170
57595
47080
72750
24423
28779
24424
65638
61578
56361
65631
61577
77413
39864
69938
46762
43708
16314
43702
13717
4007
19423
19424
55703
93270
75369
52282
3625
75367
60378
35410
60377
50665
11414
55566
50669
46774
77290
64267
56030
17471
38896
36260
36262
2761
4470
13365
80226
74149
49039
49036
46751
49030
41259
48604
64276
64277
45594
48603
48344
45591
45221
24771
6442
63021
43228
58744
6312
16918
12147
12146
12144
55522
59708
59879
45042
53629
53628
29237
29236
53623
10432
9301
10437
29230
54934
78339
49221
13691
40699
71247
71246
49699
71242
62840
62843
62847
65210
40968
78190
26913
26910
49968
1647
1640
1642
68719
37562
6538
5845
68712
68715
67239
67729
40613
40471
570
67235
67726
575
67236
18294
2808
40473
56384
18299
25752
62264
1423
1425
3369
62263
14732
1428
5438
14736
28016
68578
30271
77317
76732
69488
76731
35178
13969
35171
13481
18120
5553
18128
48900
72927
72926
5842
72297
72296
70503
85895
8588
13660
30095
13486
4752
8587
35319
43321
31321
5883
59348
47341
51410
5886
23184
15065
6551
61767
61766
48977
48970
27743
18038
25923
19772
25925
73443
29672
27292
39110
9882
73526
9880
56266
9889
41210
74806
16605
16607
16600
74557
59544
74809
61185
61184
42446
70107
55912
12779
22583
10958
64869
69545
69899
15196
21170
63727
28533
63723
61981
8679
65403
77600
43064
25584
2258
26160
69762
2253
2251
26165
21350
49753
1004
46924
21355
46926
17181
46928
76516
4091
42913
55814
43600
75608
22911
71604
4801
2781
56932
56930
2619
45693
64461
55811
9464
53010
53011
11601
9463
53015
2073
2072
10608
2076
2075
54893
71388
50498
54549
58647
14128
11955
18467
54546
54541
11952
62988
52725
27980
68383
68384
70382
70389
70388
23585
30508
36523
9799
48296
54768
62182
14383
33205
54766
20401
62679
1453
48155
48159
48158
48403
67001
67007
78292
71652
37778
68458
70920
41752
41751
59111
59110
7080
29556
7089
41484
37920
48171
37928
7586
15385
61844
15387
6492
76569
9800
26924
77515
50732
50733
50730
26768
50737
50735
47573
66607
66354
66604
53775
66601
8399
61377
40404
77388
65043
67913
70490
54453
3197
470
28754
28205
14576
22467
22463
4026
13736
35785
81406
69955
26374
26373
11382
11385
11388
43272
43276
55762
32838
3999
54841
32527
19157
32831
32830
3990
56582
73264
56585
56236
61100
43182
43185
7770
60352
60354
23841
57726
57727
65652
65871
27173
297
32781
51602
292
290
55581
60136
60134
55602
69370
52000
52001
52006
52004
36200
52879
43984
25110
42054
42056
74120
42059
42588
46008
75833
46003
42581
46007
2447
64299
64294
64293
55475
64926
7868
42631
85189
42636
54847
16817
55242
12125
10416
53605
10414
53603
10144
57982
70717
70715
70240
10418
63446
9639
53097
63117
9323
9633
9324
9325
58981
37559
37558
37009
37006
54959
37550
45205
41233
41232
62869
41236
62861
62860
40180
62854
40186
1437
54044
32864
48231
49948
58189
1622
1625
58181
68778
58183
58182
58184
58186
48090
3561
52779
48097
45068
41582
84274
44333
2864
2866
2867
554
29967
550
58325
33697
14244
54375
33692
14241
14726
28569
54379
58285
5450
1193
68591
78057
16125
59580
59587
59584
30525
43855
30252
78716
78714
50212
78710
78711
4251
13941
4253
4252
18149
5532
28697
59848
56696
18147
47955
67740
30415
67213
76723
56126
63199
66167
38640
72938
51474
16574
36822
6571
27761
48957
48955
48954
7697
77181
73899
49572
74710
12215
23471
1345
72417
72416
72415
78847
7527
39170
7529
8451
377
51295
74828
55930
74820
19368
19369
6142
53482
58946
6147
12718
12719
55227
39666
51767
10979
58942
77599
25611
64849
19651
25617
69566
64844
21111
74888
33068
55220
16480
22702
75994
75443
69747
81615
69742
2273
5911
77628
2279
69499
43518
43044
43517
56247
43510
49771
49773
61601
46272
56912
41917
41910
52419
17536
9768
75667
70014
4828
4827
4530
4821
7981
7982
11253
11626
9404
10620
10622
11628
75981
62471
58660
58845
33192
11974
52748
27969
64332
52741
20643
17756
36017
60658
53292
60650
63877
85041
80568
62651
62653
62656
62658
62659
48139
16312
34949
20392
20463
20397
8924
48425
48136
39773
67021
10087
10081
10082
10083
78279
78277
18449
43285
41772
12957
15679
68904
59137
59136
29578
63307
63300
63302
7067
5892
78019
54746
33993
33224
33997
18628
54748
76509
8158
15901
8156
8157
76502
30758
8623
40791
67684
40799
66455
67683
50719
24392
31598
26701
74512
50715
50716
50717
47512
4291
10753
43970
66376
61689
72239
40421
67979
77367
77364
9982
14505
14507
66085
66087
1918
38161
72622
1385
54866
69979
43213
43215
77102
45169
11368
43958
66885
11361
55748
61355
61356
51048
55038
55740
51590
55742
19177
55033
55746
73289
73288
52208
56213
56210
56217
73280
73282
57631
2240
51623
23869
47088
71765
61530
61534
65855
6818
27154
65858
65673
65670
2792
60487
64105
64103
74107
74450
58695
53994
74459
74458
74109
42033
58349
46065
46068
42039
25310
52242
6681
69798
52248
6687
2429
39906
39900
2421
40271
2424
53199
63683
7848
63689
7841
7842
12105
12104
6353
6359
52021
77145
9617
53371
14114
53375
36484
70226
40384
36951
46684
46681
63469
46683
51972
46688
75276
14889
40546
37573
14881
33052
54973
1818
48301
41214
76438
44682
44139
44684
17406
44689
14081
49437
37684
60654
54083
1609
1978
1659
3227
1972
68751
70737
45088
45089
45087
59839
45080
78486
71176
40302
78489
3321
3322
28501
43701
5471
54355
14266
43700
14261
14262
54353
76776
20071
62222
15110
87080
18166
10561
78738
78739
5041
3976
5518
38281
78616
5514
11298
9898
34089
11102
29907
67765
58543
52630
23673
66149
47652
66144
66145
66140
66141
66143
68947
48938
15591
68079
25961
15021
35130
35133
79738
35134
77825
35138
77826
39484
3812
55485
13325
55791
75812
74732
34315
8457
76994
76991
7512
78218
7548
13297
7540
50506
92626
7545
7547
55262
74842
32666
16135
16132
16646
4329
12730
12732
84818
43104
64824
10998
64829
24768
52906
36257
62907
68903
65333
24948
21131
21133
14676
2211
31810
81366
2219
31819
67786
12760
55826
13460
13467
11648
65440
85287
11643
11642
9425
11646
17777
62413
17775
17772
5284
57095
27948
81944
20661
64318
27947
23360
36560
42777
42955
63895
20551
48441
45744
20917
27492
20448
70699
57303
63094
7301
9289
9281
63098
54501
54500
11912
54505
11914
71348
71344
71616
59150
9471
30194
49328
41799
59158
15618
35872
41790
10206
7044
53414
10203
63992
70960
78032
63325
63329
66725
37217
30999
21537
15928
25460
151
30990
30992
15920
60956
15923
50260
92431
9226
2989
66312
66316
24377
1018
1016
1010
47535
47537
67954
67400
67401
67958
53839
50191
4354
41315
14523
11001
28714
11007
28249
11009
12313
11556
86139
72867
439
47017
79348
431
77125
73115
54069
50990
43234
43230
19111
55011
51029
5706
55019
5703
61330
61337
61334
61335
61338
35471
35477
60313
26171
74694
74690
76835
8967
23808
22166
26175
64854
23804
27139
69338
25156
25157
44430
43945
54540
16585
16580
21343
32299
12695
61749
49211
21899
42546
64856
42016
75878
64278
56275
56278
68782
39963
39965
48343
16363
7828
19807
21092
29400
61806
61807
61800
61801
61802
64120
56098
64122
56094
56092
53318
57328
75630
9369
53316
49639
49185
49636
8989
18825
56895
56897
36199
1837
1835
1838
56898
62236
41898
2404
2405
4984
64686
2401
2158
45530
41896
44119
6532
44114
49459
49989
1951
1950
14064
7692
49454
58143
41092
41095
41099
41098
3240
3247
70200
59819
59810
13257
57323
71157
71155
4311
71406
71401
79871
1483
58499
62204
5494
54330
1488
58497
62758
3301
2068
87387
48589
48584
76751
48586
20050
10613
77300
36604
36601
6316
40148
83540
47493
18188
78755
72980
72986
70515
40856
40321
40322
40853
29384
7712
13495
52815
28389
14560
28380
23651
15557
6535
15003
15553
48918
62353
14116
31965
48913
48911
15008
8241
73851
59361
59367
24099
59700
29650
29652
77805
91955
78803
78800
55468
72323
3870
32467
55467
55466
32463
8476
8471
56112
73583
75830
7562
44800
73585
35809
35808
24584
24585
31386
31387
50033
73909
50527
66439
24589
65644
68399
55201
55200
19320
32607
52960
60887
52966
22290
22293
13896
69528
69526
64804
64801
29231
52347
58009
78338
46182
46181
65313
77667
77662
74358
22740
17352
22746
2239
43003
43556
2233
69786
5937
18879
19632
19639
4642
72758
3497
3492
41958
18219
13402
4576
13406
64295
11968
41956
41957
11667
11666
16221
11660
51836
79143
51837
46451
45187
62439
45185
17794
62924
62433
62921
36516
25210
25213
60699
60695
81927
11309
42753
46232
46233
46236
46239
42975
45762
45761
48467
58267
48462
39732
26097
34923
71365
44581
44584
18408
3
12315
33408
58809
11935
12318
18407
70947
67209
30176
15633
15634
51579
37936
7021
7020
7026
53434
86137
49847
24034
49845
78589
37233
27422
49848
64644
68499
84359
34129
7765
69037
15944
7798
51575
50205
7791
9835
7794
58133
47805
71899
58773
70673
24357
71897
58779
16911
79185
57629
1032
1030
1034
77321
40463
65909
67427
60789
11068
28269
11060
11063
11064
72849
8666
72662
79367
72667
66592
89112
66840
33665
25568
63419
55075
51557
51556
19133
51002
51001
5636
61311
61640
60993
35492
35491
56276
74673
74672
82775
57059
22196
14914
25178
43969
25172
43966
55692
55690
19794
74410
80730
47137
12674
88248
12673
12672
9206
52209
10810
56529
56527
52957
56523
63644
15216
63647
63640
57129
57126
54352
57123
53154
65767
65766
42697
49151
16306
6392
6390
6395
69642
69315
69640
59316
55367
69649
49330
63423
63424
49358
57345
21219
4136
37539
21213
45515
45516
45510
75230
1853
5691
43613
2175
74138
4966
43619
4962
4960
14045
45320
49473
49470
80990
80996
84294
58169
3262
5129
3267
7092
5121
7090
68103
29546
13233
70772
70773
13237
54310
71138
54312
14225
58341
54318
18214
43608
71425
71136
62770
38716
62779
41654
20032
71025
40122
40127
38928
66833
47478
85817
47476
41613
41611
61281
48708
6889
83741
69448
43748
15914
606
1208
23103
59345
59347
30815
59439
49006
73837
77866
77869
73839
31869
31140
57423
31144
55449
78823
55446
55197
55444
34668
67856
36767
8415
50017
50540
35395
44825
7585
44829
7587
7583
66102
5556
61453
61451
61456
22503
65156
22509
65150
12654
6952
55230
69815
67658
28106
3854
3855
63691
65823
75426
51754
38958
65375
10871
72924
73308
51493
77687
54365
44396
43573
43576
52887
19300
55226
16170
51765
55995
55221
19655
32628
16179
74882
74880
75689
66924
10905
17227
62309
97637
52412
60509
60506
60504
13424
60502
46510
17238
57596
11687
16320
12529
46433
65486
27301
27300
24909
64357
64355
51455
64420
64350
17544
20625
45166
45160
61642
50135
37364
16798
16799
24164
6073
6070
42223
42222
42227
58030
7381
20952
61848
7340
10029
57616
10796
10020
13433
21680
71305
59090
78210
33178
12339
12335
30488
67460
55741
30482
73242
5082
46397
60785
47343
37702
21539
21534
18689
41425
64875
16280
67196
67621
2947
47863
47866
58759
58754
42571
76307
76306
79164
63759
79161
61761
67448
53455
67442
40484
67446
54105
54104
18022
11040
24484
54109
4380
37879
42121
38102
13692
3115
15062
65349
15966
72827
50954
35700
47287
5742
66868
5744
48973
47281
27682
27684
2017
51577
55056
51574
67997
25823
66710
57305
2598
66718
57936
51685
64438
51686
51688
23377
28827
28826
61592
12537
12534
12532
12530
76875
76876
73150
73159
14140
63364
42507
25201
55192
28888
53262
16540
46027
88228
12659
6667
6665
52889
1878
52882
56502
10872
11704
19517
19844
19840
16898
19518
61841
65745
21053
21052
52086
52089
43900
2378
43909
43908
26223
69667
26225
50245
49673
49672
46379
21239
1874
75219
75748
75749
4945
4944
45571
4943
4948
57106
43636
43635
53138
81041
2114
1621
14023
49498
58107
2091
1919
5108
5109
17052
17050
3287
3285
68044
7986
62570
63572
13212
64936
57362
65246
53688
10495
1087
14452
14799
58100
54666
14793
54660
54661
14796
18234
20544
20013
20540
62711
34869
59339
65649
85764
44629
11139
63284
44626
44153
44620
40107
47459
47456
47454
48728
62122
7391
48727
15771
57815
5456
29474
57810
29476
67290
64588
71449
8255
8257
76465
76460
72141
72143
9234
8789
30838
2758
10012
8781
5100
31616
31610
77848
77847
1915
73812
77843
73815
77841
78799
59973
78794
46367
8432
78105
8439
8438
72364
79446
67873
11787
9826
57275
12774
36087
86129
6124
44841
44842
47637
23162
47630
66474
8281
61438
61431
61430
61120
61435
8514
64385
69873
69876
69879
49666
24678
8511
53861
4124
50866
55427
55426
55429
58329
56192
56194
53865
38934
56197
22782
22781
31871
73362
81696
81690
58067
96031
33859
19671
16153
5977
51742
56998
69294
60753
56991
56992
56777
56770
15628
25782
25034
25789
25030
53463
65625
9279
27326
65358
46411
5406
2586
2585
14977
64405
45491
45142
45493
64408
2588
77000
1012
36099
25252
10950
64554
42240
68424
74357
65629
31489
52274
44906
16047
10001
10003
2634
70188
2631
2632
70434
54872
54875
54878
71325
62714
62960
62965
10261
10264
10267
10268
36608
70457
78091
42867
9048
42863
42862
9040
9044
3544
68456
68457
68450
68452
53906
37270
38148
24071
3548
37275
45726
41447
73484
24063
2966
26786
40718
44450
21544
54295
54292
71586
71580
54298
71850
38695
79147
5379
68235
62381
5374
5377
1072
1070
47847
13007
76671
60100
44159
4339
65057
31267
78639
54125
27524
62010
72807
62030
27528
62032
66801
3720
66809
4144
616
51512
23245
5767
23575
5762
5761
59065
59067
15185
4636
27669
59068
27660
47001
77534
28807
28805
74983
9650
72777
8166
42590
8196
8845
23315
282
69097
82004
50975
7424
69767
92585
7420
50978
73171
27005
46257
74183
8729
88203
8503
88201
6607
12449
42525
42526
46253
56561
41672
73429
41675
32876
50604
50603
19537
63603
63605
65729
65728
75582
11939
12189
62391
65722
65726
77725
43382
69609
43926
46609
21965
49657
46358
42382
49650
56387
68545
56383
3737
51283
75767
43843
45558
45559
13586
41876
11727
57161
79010
43652
53112
53111
43656
14008
5166
58123
14005
17079
76311
62557
36406
36400
69680
53809
45697
57388
72512
53802
57382
9693
58389
14919
69779
14913
58381
4771
54606
76464
54604
34804
48529
48526
45807
79806
41385
48291
48520
36662
39892
36665
36666
53013
44602
41657
41653
53014
1792
57046
84431
1794
70845
70843
48743
48746
2071
15754
40382
10765
57839
40837
83782
29454
11052
29323
11608
33634
33635
78408
55299
71465
6302
32787
30675
59385
6593
30670
30673
76119
6598
18014
76440
10136
39402
59470
70256
55300
51482
54894
40077
47439
19028
34116
51484
19757
9841
9840
45863
9849
19027
67817
44868
78941
56470
63106
1537
1534
29694
648
23145
28322
39461
32057
29691
17734
4103
73699
73987
62986
77535
43387
34454
24691
55158
55407
55154
55150
72349
38319
73346
73347
30055
56175
56172
8650
35570
35574
150
51235
51236
51233
18316
11530
11537
51239
11534
61417
65113
61143
61414
61413
61144
61146
61149
65118
71795
60544
64643
46399
46161
46169
75977
72360
2604
45317
69142
74376
199
34139
68226
42268
42263
6039
52452
52455
17267
52458
57892
6036
6034
10061
57441
9200
57443
33208
36874
18511
64552
70614
74192
63019
52513
7387
12376
43980
54855
54854
78474
50586
24214
45127
65233
44292
9065
65943
10281
49824
46833
58727
67993
37948
17852
3560
68431
3566
68437
68439
17489
22840
22843
41469
20998
4482
41460
48196
20536
48193
4489
20993
41467
2902
40739
71870
20405
147
44474
2909
13808
40737
44471
58247
21876
11886
58716
14617
14611
62670
76611
79123
45083
5313
64160
5315
70477
70475
13025
30449
30110
71706
78611
71703
71700
31243
31241
37838
3150
52174
17872
17873
54142
28791
18065
27500
57590
27504
62052
27509
62057
62055
67660
29849
23555
64163
66537
66820
42582
23088
27643
27648
61628
59040
66700
61622
61625
61123
48082
29153
27105
25866
29158
74618
61127
74615
74966
82061
34561
8572
63347
15252
15250
12577
69260
35962
50914
7404
7407
39237
39234
35969
55364
32215
32214
51399
32216
16502
62444
22686
6628
23300
57659
26592
56549
84933
56543
26598
60979
42504
60474
50620
50622
65255
61880
29942
65252
57253
61888
65258
19556
22062
75568
72715
75564
48869
51720
69622
77708
2335
69626
69628
69629
51565
43419
32646
3714
46628
3711
3710
49103
46330
47851
46626
59115
41815
56815
17674
56811
60288
59116
2488
4900
4674
7436
43679
4670
93307
57636
2012
57142
73332
57146
62531
45621
15355
62534
5148
5140
120
60024
60027
64075
124
64071
52662
64988
17017
53391
53393
53394
72673
53399
53398
70285
70287
63482
29008
63486
9168
63489
48504
48505
5426
48501
62287
47974
62284
3641
20508
34822
58465
34824
10400
44662
73638
22834
59835
42104
42100
71034
6785
54449
42108
48761
48762
15737
48768
28302
48861
53535
53537
10546
70868
10543
53532
53539
10548
78426
57859
12645
52527
14930
37481
62267
54629
14288
18272
37333
8818
8218
59904
30654
12643
15083
15082
30303
10573
44087
7655
39426
39424
57430
35169
13956
47415
73365
72604
9565
67345
43310
57206
10291
57438
35888
44880
58505
11144
14423
14420
28303
14429
38084
27772
38083
64806
76138
45690
77551
77550
77558
78976
54315
13817
49158
28168
55178
15474
34682
55172
38337
55177
38331
55174
56489
57951
56480
73417
58782
58153
49600
43081
43082
7066
51701
51702
51747
51256
32685
69482
51258
3396
48889
60005
49934
48880
22218
61161
48886
43880
21044
63247
60565
60566
31851
16887
65395
65396
65391
46104
78996
65398
27368
42264
56158
56776
75951
28633
57280
25295
60529
55825
55821
75877
74397
55829
32028
83976
56730
37425
56732
52476
52475
57461
9266
53708
10739
10736
983
10043
53702
53700
63038
49594
49595
63031
18960
84130
58881
64916
45459
64442
32471
34784
45455
48210
64919
45450
64449
61080
5931
44277
44275
44272
44270
44271
58082
49374
49375
49377
49370
49371
42827
3508
64517
5080
75045
38539
70671
70679
58631
71816
44411
44417
49970
5333
42431
58269
38658
76634
61407
13048
23192
13040
48522
18041
18734
18730
18047
78671
71725
17813
17817
55510
3174
30796
79012
20003
27565
723
40757
721
40979
47997
47994
66518
1161
47991
64401
27621
42397
76098
25848
59023
73885
31226
77946
62172
5139
42399
74941
1361
74947
5250
74945
12550
8550
76898
8556
13046
8004
76890
76897
54189
27196
82040
39631
50429
3728
50933
58700
55349
55618
65090
55345
19717
16076
55610
19714
52867
22668
22661
48356
69423
10898
26575
10892
26576
26570
66777
50649
48351
66778
75547
61202
5534
73062
22001
73069
48742
81402
13601
4737
27285
2316
43478
69392
69395
69396
77765
74490
5857
77168
3773
21548
75729
17658
17659
56839
13540
41839
4652
56833
17383
41834
13549
57614
43695
43697
57619
43692
51116
51110
11763
59309
7885
68863
17030
74139
52134
60579
52647
20748
60000
53779
27378
60004
60009
64057
74235
14337
36332
46645
61593
46318
45667
45840
45663
20526
45661
85913
58560
83871
10386
10384
61590
10381
41408
16927
15137
7515
7263
12235
54425
42124
6208
6209
59612
4439
49485
41160
6804
9477
15861
6800
15710
57871
29362
10566
57876
9743
29369
12232
63208
63209
52612
63205
18723
63207
63201
37313
18921
8836
54395
59928
59929
19817
59927
19377
30324
51286
7673
37176
58692
68352
1759
1756
68601
11413
54519
67365
67369
6774
50093
40567
40564
58522
58521
1281
1280
1283
61197
66182
28369
1288
63537
34374
688
76155
1573
76409
1570
8769
50897
49943
12707
54252
50898
59014
12709
43188
66989
75661
55110
55114
5621
34518
42457
11418
73475
47035
5994
23276
23271
23270
47033
23272
11577
47038
28988
11570
87976
51271
3071
19387
22275
22278
10487
25728
25059
43869
43866
3522
25050
6781
6782
46120
46124
63742
46127
70455
1060
55803
1090
60824
32005
32000
19962
16711
64703
25668
31495
26487
81180
64609
57409
63053
63057
63059
9532
65516
65512
65513
31660
49576
49577
24896
46780
49573
64931
64930
43034
61783
63731
45472
45470
42807
44788
46850
56327
23016
3546
75067
46879
22804
75061
3521
58064
37783
58062
49315
65675
3542
38515
38513
10715
36835
36782
2699
70657
70126
70651
53651
2827
14871
14654
54982
71831
71290
22199
58204
43033
13066
30409
61013
44250
36168
45722
71749
55481
54188
71480
54184
18716
18710
71744
41576
48047
27816
27811
20262
27541
62099
44577
38185
53078
67111
77611
44431
40956
40779
80206
29800
43055
29805
47208
47202
59006
59557
59003
59000
1754
60927
39589
82530
31755
31756
78129
31753
76214
72245
72714
75513
15311
8539
15298
8534
15290
86647
26630
50409
26639
62529
66576
49456
15319
34314
55323
65073
52807
52804
22394
22396
64715
4280
41661
50664
4287
60939
60938
9577
60934
69404
74929
66794
57923
28649
66793
75520
75527
61225
65213
61220
77740
77741
77742
74520
73047
73045
388
77749
73048
13668
13661
43456
43455
13662
13665
43322
19771
5873
32253
11299
32255
16014
55632
47841
39152
56853
56855
56857
56858
17638
19266
67285
13523
4637
60248
2196
60247
38698
11742
11745
11746
57181
51132
18227
51137
58134
51134
19594
16818
281
25557
36317
169
60065
64037
60794
80173
74216
26299
13653
42329
42326
46665
49143
49140
20098
48549
45644
45314
20094
45313
45642
45311
57096
26290
57094
9185
9183
57091
678
10366
83851
57099
7209
13169
7203
43319
72156
52392
38594
42142
42145
70821
70823
57054
15843
59631
59633
70358
9760
9764
10500
53573
57890
53576
37371
21412
24171
12712
71196
63260
62792
8853
8247
8855
59949
10140
59946
72060
26829
71990
53351
26820
19748
58855
5272
1778
33474
40237
40234
41598
20204
27748
51329
45985
24543
24540
24546
37990
18362
20201
70243
65623
17994
3038
28439
1559
51490
11100
3032
14465
30617
59495
30614
51492
30610
55660
31565
35049
50874
50877
63920
15172
41284
54339
66968
66960
38371
32730
55134
55132
40986
35263
35266
23257
46988
6425
15337
82437
6422
48845
73674
73675
60875
2185
36214
74026
68497
25701
72378
72505
55792
55790
96536
72503
55794
56629
6769
72199
6764
73906
31401
73452
56444
56442
56117
27554
41237
57795
19908
12027
65683
42799
51833
55862
16226
55864
42791
220
76761
60958
43846
69219
43842
69214
7732
21625
21622
49553
63975
10314
49086
65531
65533
71790
45415
45417
45418
17594
43154
65955
43153
2509
2508
64483
43826
2503
8753
52619
64484
40083
58046
46854
46856
49889
11931
15184
52564
68101
54775
75083
60475
60472
58922
38570
15051
57425
53962
53960
53748
70106
70105
70104
58224
58953
58226
14678
54214
18554
57400
18553
54213
48685
69010
6723
48681
58475
62301
13084
13086
36102
58188
47627
33556
48061
59793
59792
48065
59790
72880
41551
41553
4597
57934
67171
39621
57930
67174
57932
67179
19426
29288
71502
3659
1628
68819
42045
68813
25886
30288
25881
59575
15109
77901
45062
78102
71762
18082
18083
31770
34057
76237
8513
76234
76239
41588
72260
12840
2520
31480
86661
31485
35908
50468
54474
66554
47228
47229
61799
61022
26537
52822
28007
21424
50689
50682
24759
28666
28664
28883
69682
13645
26289
35671
26286
73025
73024
13648
43308
43302
43307
43306
5818
55653
55650
55305
16039
19758
19025
51489
5813
19020
5816
34023
17348
17349
56305
52357
56875
56874
54797
13508
25391
4611
4610
60261
4615
13505
54743
57650
57654
57655
71626
27226
27224
65234
65941
27220
65230
45850
81396
64547
64013
140
52172
69028
53881
24303
53889
53888
58606
42304
16697
55469
80151
12188
3882
45629
70595
70597
45623
2719
37429
7955
7222
7953
9169
7950
53080
53082
10695
10346
42162
69325
63793
16963
19837
6248
12278
77291
6241
6247
53557
53224
36594
53221
10520
38903
53228
70261
77296
63531
21478
8872
54686
37357
78061
41300
41305
826
822
67549
67548
26845
6977
134
67090
44579
6974
7616
71978
15911
15442
1713
14198
1717
31128
14191
68318
15823
40130
42527
10857
35150
40218
40215
58567
18342
58564
14445
58561
11127
61395
28419
58569
62112
62110
17979
17977
17971
59960
59963
59964
59967
30365
34334
42551
66940
31547
35067
5664
38397
10537
75008
67325
72695
47078
23729
75832
72690
47075
66309
23724
15312
27039
30940
59213
12475
61497
61495
59219
7766
7761
92199
7769
3905
3900
3903
52311
50703
74048
72524
78932
56462
42310
92776
61347
39046
19257
16203
16205
19926
209
32049
12042
3477
77461
77462
77469
79056
43790
43794
43795
43798
75584
69231
43829
69236
21867
21864
21860
49538
21868
44009
75318
65553
3656
65557
3469
26075
62069
41310
45430
45614
31893
11468
5064
5067
30528
44001
55145
5068
46523
52543
52547
52546
52545
68124
38809
27017
42820
13315
66973
25188
9573
10759
53761
9578
60949
10755
53942
53767
62324
11808
58978
26176
58790
58975
14832
11950
54236
54235
58973
64207
20119
64202
48664
55021
20112
36121
36129
44219
29112
44747
44212
41782
68786
77026
11190
43434
41531
48005
48006
57912
9395
9393
57916
62100
67153
56909
71563
71567
78345
71569
78341
68879
15123
68870
380
59519
7689
21967
61740
59516
77928
7158
41536
77922
26987
77924
21787
18752
57022
71789
71787
78163
78690
78697
12867
72202
88516
79561
8063
56591
7481
7482
781
50449
20328
26673
26676
50445
50330
1106
11769
1450
47244
47248
47249
41931
28063
37859
1895
26515
77253
77250
57789
76821
28608
1770
67881
4691
13581
42702
46282
4798
74416
69341
4796
35652
11256
11257
11251
61007
61000
86863
65036
65039
51314
64785
64786
60206
11781
11782
25372
6494
51172
51170
26364
23912
65963
65962
65964
45737
65781
64569
81803
64562
74257
6688
27346
74250
36352
58637
42363
21986
52376
75786
75785
12783
52378
12786
10320
10323
10547
48392
4891
2773
4897
51703
16947
66800
16416
7978
59510
7977
16419
16949
61914
61912
42189
21180
42182
42183
6269
20854
20857
52155
17094
53202
70318
53200
53207
53206
9720
53204
2813
21326
49270
42981
46958
24139
3464
75122
22986
37401
8894
8890
20582
41980
45356
7156
20588
40059
12047
71582
26865
44000
45968
71953
2375
71956
5238
5239
1731
1732
13122
73279
15805
13129
40278
65688
18328
1591
18759
58585
7205
58583
18326
62179
62178
45975
48492
45970
12713
17950
27448
83984
48448
67527
59989
59986
59987
59980
66690
66920
66926
66695
60774
5649
5648
59184
59181
8723
24282
4717
83187
47727
47052
45153
47729
28299
48801
82160
48804
488
6469
59238
59239
6461
12413
6464
59231
15377
50787
40666
50783
31031
35008
73632
19498
74064
8305
8303
6725
9910
51812
72546
65642
73497
9071
65640
9936
55531
60838
52800
6099
7310
57564
88092
6097
49837
3181
77444
43779
24043
49984
43806
65570
46728
21844
21661
21662
49513
49042
46723
49516
49517
41381
75339
2893
3674
34809
39912
63392
64991
48523
43119
11447
40189
57754
59060
58008
46548
16485
3587
58000
58002
5008
46546
52520
17132
17425
900
4429
906
36727
60433
70145
4421
13334
53929
9551
53920
9552
53514
53924
62343
58918
23735
14865
64223
48390
11599
48397
44761
39998
25126
46895
42640
46892
45735
48027
41511
45017
41513
41478
41049
367
59752
59757
2270
29718
48874
63167
63160
29248
57971
29711
29243
18513
78369
78368
54255
18514
22194
71540
33778
71543
78365
14818
76019
15141
34278
15144
59530
79092
77259
7174
7176
7173
31734
1695
48175
715
34019
11593
34014
50317
64064
44945
26657
26658
40649
72742
59226
66263
66262
59189
71869
72044
47269
28049
68853
1474
72043
72048
59229
77273
12808
22370
22377
31192
6413
8624
4226
13930
5587
5584
5585
28621
54135
24796
72224
38215
72227
77051
75256
73574
77059
66481
66483
31993
43343
43341
19061
32948
28272
61067
65012
60883
60881
60880
25351
77785
60227
25036
60224
64763
60220
75192
25680
25686
76905
18250
51197
51196
23976
51192
65900
27266
27267
25530
64503
2282
69067
2286
2287
74502
74507
8505
32362
2054
42438
42340
46391
46390
56342
41888
56611
56610
56619
44750
8233
70089
57562
10308
53043
10652
16433
16430
68553
6288
6284
53298
61937
61930
44113
6283
72163
81827
20837
188
53593
53260
53263
11624
53597
53595
49251
21305
21309
42158
56964
56966
56962
860
864
6366
3143
2753
52038
70558
48256
86459
71684
71935
71937
9334
71938
44532
44027
44534
11978
58619
58618
14156
14153
57313
53341
58844
33442
13102
14486
18656
71066
14482
78555
78556
78557
18659
9338
17933
62622
14373
14371
33905
87053
76489
87055
27464
20305
45951
40075
67059
6854
67507
83217
39055
67502
67501
19737
41705
41700
60204
13690
19265
57032
15684
40255
4392
8
52746
1317
1316
66018
1310
28903
23760
6446
82103
15427
6917
6910
15352
6912
30900
48826
6919
30909
60617
59258
59259
36011
38150
59251
31500
7729
50764
50815
38800
37544
9921
78973
72565
32888
32794
55085
21736
78978
32881
55732
8324
6702
8708
9916
24475
24473
26801
6123
50107
41224
32772
55880
55554
55556
19614
68216
4057
43752
4050
26307
16834
77427
13749
43283
43280
55507
43284
75352
3615
65599
65596
3619
70552
67810
56284
56282
73219
62975
43135
43138
43139
2566
66995
32086
57778
11425
11424
57775
5029
52506
17443
52051
17444
5025
52508
60413
60417
4449
38847
67775
57480
53902
53904
57488
46706
42084
42083
27202
24818
85350
85351
87265
41282
62818
62360
62361
62362
62813
62366
62367
64241
64242
20916
44701
44706
68279
20465
69052
23067
3091
46565
46567
42887
42886
42885
85175
59887
67028
45031
59884
41068
59734
41065
87198
41061
41062
39647
10463
10460
57950
10468
57958
63143
71215
63140
63147
71211
63144
23143
19893
71219
28323
58282
58192
58281
58287
37078
54278
54277
18824
18533
18822
33752
74025
57365
30598
46666
74522
30591
66041
1610
29195
68501
53360
18796
49930
49938
84220
22237
37612
1675
37616
67263
67261
4
67269
50019
71638
14742
28023
58420
14744
47938
66242
33472
64969
59407
45318
77217
73777
73773
4208
5569
5567
5562
34036
72793
72795
72796
53624
50592
35616
42745
304
11212
5304
11215
32967
19045
32964
51421
37253
22311
15241
27798
22319
61041
27791
61045
27794
69598
48043
69596
23406
23953
49149
23400
74740
48182
76921
65924
7321
48814
58016
69741
20065
55640
42415
55944
32345
45891
74564
16633
9498
6114
7068
10923
10921
64747
42216
52994
52995
79468
64749
52992
58650
7283
7933
5440
9458
57549
57018
9109
7938
7289
63778
57541
57542
65431
16450
16456
52194
36834
78018
7971
55372
52199
20818
26110
69044
26116
64527
86818
26119
1134
20816
22945
49723
21360
49721
21490
56947
56945
75163
3421
75161
3425
70532
2001
4589
30530
90991
4587
4854
47738
18490
44449
71666
71661
58639
11989
58920
54592
54591
15456
60608
53246
10583
53242
13162
6576
60496
36069
56572
14353
54045
54731
71003
5953
33259
62603
41494
62601
62606
41493
47262
40795
34938
30698
45932
27406
34933
34931
40010
44514
67071
47893
68957
47890
47547
47898
68959
41722
55399
67388
5503
29039
41934
29526
29037
17141
1338
1335
1334
441
47090
47094
59271
87441
15409
8121
8120
7707
26753
31
31648
60943
66655
3577
31074
31075
61387
61385
55718
72585
55711
78954
19184
67926
67921
2891
55778
29976
43875
50128
66032
29977
66034
843
66036
2890
24454
24451
61562
61560
65608
65607
77155
73187
73184
37408
77150
77153
73181
22123
22120
37033
22127
73189
43730
4079
13769
81471
4076
13760
13761
32576
3965
48408
5792
5790
54873
32578
33382
52297
52296
52293
52292
3638
3639
90335
3634
3635
60388
73237
57710
57715
11402
19980
55574
19986
51653
51658
51659
52071
52077
47398
52074
38869
56008
98256
25474
25470
13379
25478
60162
80254
85372
36273
9837
36277
48946
36274
49002
45555
42068
24879
42061
19586
45583
64263
45584
45588
20173
64268
13479
16840
42609
12174
6323
61991
12170
46586
17020
6328
66081
59869
46215
59865
45053
45055
66083
41005
53659
10114
9669
10111
33494
71276
18801
21770
63120
71278
63122
457
76594
4792
33002
43421
37587
7615
7139
7138
26683
7137
7136
37633
49919
49914
25341
78187
78186
84200
68098
1652
1653
68096
55659
68091
68092
40604
38163
44982
40359
44989
50359
71492
21972
28222
2837
49131
73715
3391
14728
3392
5403
5400
58404
58405
58407
28002
28000
5230
68548
34235
53033
38781
79057
38782
38787
4261
73758
77230
73752
18462
73756
75711
18118
1607
5546
5547
61116
72911
34583
66842
8076
2120
35367
11238
47377
47374
5893
841
5899
11233
61716
61717
61710
43210
51402
51407
61719
25917
25914
25915
22333
8441
70804
25645
25640
25641
69970
77103
23424
73615
34285
37153
63849
39125
77091
77098
36348
74544
56756
43344
72056
16618
42476
55969
13919
42475
55962
22596
42986
12762
12761
6131
12767
6137
88177
8721
64898
57622
62544
9473
57521
57525
18321
61973
21163
24992
75498
9203
43077
43071
2244
69715
81314
69717
69710
69711
8105
69713
46245
46936
46934
46933
21342
42290
42291
63824
63825
31700
22920
22926
5923
3407
58137
4875
41929
41928
4873
132
27441
41921
4878
51046
57034
57035
57036
10612
57030
51597
70048
13492
2062
2791
57039
70040
2067
96910
58873
33497
71390
1859
58878
74588
52713
62995
62994
62445
68396
62998
68393
17003
62442
20849
20699
60627
20694
9784
9785
9788
61345
18954
36510
20848
18618
16126
33278
30251
18615
54711
20340
48164
48163
20430
48161
62663
56255
55104
75392
40038
68975
47562
4501
85944
47567
25353
12961
40294
29540
33651
29014
40290
40291
40292
40293
4037
40299
7098
78044
71023
78043
16812
78049
42073
1358
76552
72618
57013
467
1356
51034
6950
59294
6481
59293
26771
50722
26776
39333
46426
44952
34772
8364
88349
61361
5819
69069
24604
24432
17549
3429
22107
61537
65677
77170
69948
56507
77178
65674
4013
1867
13700
4017
13707
43240
50725
51095
51099
3981
21575
52279
75823
35423
73259
46469
60363
60360
23854
64108
16288
16289
27161
55598
65622
55595
51891
16283
51671
51897
60484
12866
52010
47278
56023
25453
60109
25109
36216
25101
74455
15113
42599
46749
4539
49021
42041
42592
42047
49027
48378
28283
53999
45210
7874
39939
7872
7878
12617
39932
42627
42626
25421
42833
34803
8830
6305
12156
12151
12153
70251
10137
70257
48199
70254
59843
10139
59844
48197
63105
63102
29222
53636
53637
19964
63108
54941
45746
18860
37035
49686
49680
8958
41246
62851
48805
44202
6539
57156
48806
64655
47846
1986
1631
68706
3212
68703
61103
49971
1989
48081
41023
45072
48086
45078
568
67228
40377
2810
2812
563
2818
566
40736
33680
54362
24225
54368
79076
62272
3379
1186
58460
47973
5421
5422
76708
59594
30265
54975
76707
35168
78702
13957
2127
13955
13950
56216
5524
3333
5526
8779
72931
72286
72285
61159
44
45
72235
8569
15637
67738
30080
72940
71466
63234
31350
35307
31356
76612
23199
50838
51468
61418
15077
15074
61776
60373
76057
6549
48961
73887
76619
73733
73732
41260
23996
74705
72427
27287
76963
78858
53104
78856
27288
346
340
73088
92873
73082
51285
74831
19376
74836
16678
57405
13024
46909
12703
6153
77049
61190
42450
55906
61199
40952
960
84868
26489
47960
25660
64879
64877
26483
60826
69552
60823
63738
59915
16494
16497
63736
6580
65470
22719
77616
20808
59913
77610
69083
69089
56074
25594
76122
43505
2263
25599
69776
63848
46265
7994
63846
49760
52487
58135
52482
38439
4813
2044
7998
45680
94023
45687
57501
9416
10638
57508
53026
53021
60687
11948
33479
58677
54557
58859
58858
54880
33473
54550
93152
17728
17726
52737
52731
70393
70394
36533
60643
60644
60646
5297
53283
53286
84676
54772
10163
64476
84679
48149
48146
48413
10097
10094
67037
10098
39748
78280
71622
78288
78289
68919
68918
41763
76399
41769
12949
20800
5975
70930
59109
15662
59104
12947
7074
29563
7072
54086
18632
62682
37959
54089
18639
84074
72639
8167
6973
30743
12496
72633
41992
8168
30748
67690
82882
26715
50253
50252
47505
61349
8387
61693
61340
61697
34791
12060
67960
77371
77370
58359
44513
4383
66284
4387
25346
407
404
12066
23299
28960
23293
23037
41382
4030
4034
69969
69964
12765
70508
45269
11377
9462
64935
51077
19412
51073
60344
60345
60347
56595
56597
56222
43195
43199
62048
32797
23877
23874
65866
51618
51619
61522
65860
51611
51616
7034
56048
57264
64119
69346
60126
60128
60129
56040
43993
36232
8689
13737
49432
74133
74131
46019
75849
14439
39456
2450
63693
7857
39916
61835
61831
49048
16804
12139
49511
12136
46724
12134
6364
57315
70238
53613
10404
9333
53617
70723
53619
70234
53348
190
47784
82839
13733
75265
37019
58991
9294
54969
33046
58998
37542
14892
59924
37541
48311
3083
45277
48316
74244
62872
62875
18775
40173
14095
14094
49402
3232
3237
68764
3235
1616
1615
5193
59823
59824
59827
45095
13270
44321
44322
68846
58336
58337
14270
58333
58446
3358
58339
45895
5448
20061
45892
76768
79018
62257
20069
30539
30240
54390
31119
11118
31110
59126
55267
40309
18150
18157
5500
34093
34094
57143
38295
44595
2846
67202
67751
29971
545
548
66408
23603
66407
57208
23609
48945
42803
47339
66600
51444
57204
28171
53404
61751
6566
15050
58301
61757
29606
29600
73865
25950
73860
25955
23464
10053
3327
5001
46231
34636
72409
64272
57571
8448
76980
76983
62719
68880
57921
54351
5211
39160
39166
70541
31378
55256
19352
19350
19357
55253
74851
16656
51917
19358
16653
51913
55259
65180
6175
65186
77586
64855
77584
10989
64852
55414
56695
10980
25602
25603
11110
60803
65325
65321
46468
21126
65329
51287
38985
75458
38980
62226
75453
75982
38827
64586
81606
64589
16507
55169
11581
43520
19089
54794
75181
46207
74553
41962
79835
17528
41966
17520
73175
37758
70004
4527
4833
4522
9439
11637
11631
11632
57077
68789
62407
1367
58830
5294
5292
15931
58837
58836
18164
64323
20658
52757
60669
52755
36557
37893
85073
63863
63866
48435
78737
10476
48128
4754
20473
20471
34956
7337
9291
7332
7331
7330
39760
8936
33455
71358
62927
71607
71357
78265
11969
71352
52842
76370
76371
10214
70914
70915
70911
8930
54753
37754
54758
37974
78007
18381
30762
76518
15930
6999
15935
76512
8143
8142
6990
6992
30980
50624
55910
61671
2999
66367
66363
31582
31583
50
50275
68936
68247
21443
47839
68932
68931
68242
47835
47525
67945
67416
67948
77359
47267
48642
9993
20131
9996
11034
11035
14512
66097
14510
79350
1399
1398
68933
1395
47786
47838
77134
67769
19887
47698
50983
32804
32805
51050
51052
8155
11354
51583
55007
55004
60321
60326
59166
60325
45873
47305
73291
67944
2838
55471
51636
64911
66416
5477
65844
27123
65847
58090
13180
64138
25410
64133
25148
22186
69327
66413
74113
74441
53981
53983
77655
45364
46078
52230
53275
75865
45866
56209
97050
53181
53182
64379
53184
50186
48025
7839
16825
16351
7830
11630
7833
63670
6342
6345
6344
6347
12117
12118
56060
56064
47882
9601
57331
36968
9604
9607
9354
10172
14514
46696
63418
21712
21716
46691
33343
1805
3781
29784
45528
48339
48337
45256
48333
45522
85713
44129
26940
44124
26943
40157
40156
40155
37692
37690
49108
49425
1576
54402
68749
68039
59493
68032
70215
13247
59800
44492
2854
1490
58834
1496
73877
14211
3339
54322
58310
54326
48592
62238
29638
48597
20046
30512
12417
76745
76744
38767
77820
36611
32030
2082
18177
78743
29715
62647
3169
87629
18510
9137
526
40334
29916
522
74191
14813
67774
40339
40338
47646
47647
47644
23661
1230
33777
47640
47317
47319
66135
66134
48923
8285
48924
48925
48929
9640
43671
59370
59373
6506
35120
60424
31176
35128
39491
55491
2485
78815
75941
55499
72006
71054
8463
8466
2481
59532
73595
39145
73597
39148
15145
35879
50519
50045
31390
50042
50043
41902
19331
54407
16105
64416
22282
22286
4171
60869
60868
69518
11701
21512
25620
46199
46198
61810
11357
65308
14361
69372
38965
43016
43013
56271
2228
26192
26196
6536
5924
5922
54770
54583
75655
17502
17503
66869
50505
13476
4500
13472
41946
41944
4509
41940
2088
47852
49116
25085
2080
48307
54356
11652
11655
27957
62939
63008
62933
20766
129
64305
62165
60681
74301
50829
42942
42760
58900
55153
30975
27482
19615
27487
27485
41415
62687
45758
53794
70689
70680
37892
6796
6717
63084
63085
63082
39707
7312
58815
54511
58813
12300
12302
53380
54518
18414
18413
59142
59141
59146
12907
15626
12905
76687
7030
7032
10230
53426
10235
7037
70972
12382
70976
24025
49854
78023
71084
63483
71089
55615
16581
68481
37221
63
15489
9952
9465
50211
50210
69502
7788
48823
7785
7783
7781
66303
66307
66305
24367
71883
24365
79195
26653
47813
47811
47810
40646
77331
77333
67434
22472
61030
4348
4345
40456
28701
28708
14535
28259
79371
34427
76539
79379
17885
17886
77489
73101
43221
65662
51030
55065
5719
51035
5717
58095
61659
61306
61305
60308
35489
69328
60307
29133
23340
11488
32901
49369
11481
76824
23029
65822
65827
25169
25168
43956
25166
43955
43952
55684
32284
42895
55682
21889
12686
12688
21881
46056
42574
10827
10822
52219
22857
36969
7817
7811
39957
53167
64059
91734
63658
42684
21086
74119
16375
63656
23757
61879
61877
69307
64150
69656
64155
26270
56086
74449
56081
57359
70602
85481
57352
9375
57354
49199
49628
37505
9278
49195
21267
49621
56886
53633
1828
1825
28677
1820
56888
1822
2147
2413
2144
4978
4979
2141
2416
2418
4977
2149
2148
6235
63568
1922
49449
3272
68013
20170
49443
49440
49441
58152
49447
84288
6826
36905
70769
13227
70760
14946
54651
71418
54300
71415
71140
12408
71142
2933
62746
62213
62218
5484
3317
62749
5580
21119
56208
20024
34853
36633
44102
72310
47480
49870
30931
59245
41861
85869
77454
62
72996
48713
59680
69
48719
83082
59686
44360
506
507
504
502
69921
501
631
23643
23644
42759
6521
6520
15012
15013
6524
30390
15017
8264
38693
72191
73826
25995
15395
78766
29648
29649
79115
31151
29645
49128
3868
72444
78839
78836
78835
3866
16828
40849
8403
7573
44813
46542
19465
66442
66119
55218
61462
61461
55214
52973
71559
52979
4152
4150
4157
4154
60844
60841
6349
28116
65369
22776
65499
75411
22773
75414
65492
65363
65497
71731
65367
69794
73312
73317
16058
4714
31841
13687
43565
15433
51776
51959
5909
56747
38492
17564
17565
3480
3483
90935
78602
58003
13418
60510
15502
74097
54755
17803
46427
19068
14279
45192
27931
6553
43643
52796
62912
17784
17806
7727
25202
73515
16783
16789
12091
49299
12092
42217
77797
42212
42213
18991
42967
70445
45774
41430
56002
10039
78223
71312
71315
78224
21711
35513
21699
54538
12322
54829
54824
54534
70950
70951
70954
5174
30492
59165
70408
30144
53449
9030
9031
53441
7014
7015
13943
18691
18690
37715
81948
18694
78590
63353
21529
57985
54799
78596
37718
40727
64767
68463
66597
67636
8999
2959
2950
2951
58743
5345
1021
18850
9156
47876
72452
66323
76333
57665
76334
76338
67837
4367
4625
40474
59088
67454
32489
62005
1577
62003
11072
14553
11071
62009
11075
30727
8672
8677
72833
79312
15979
81010
74466
4092
13780
4090
4096
4094
35715
13788
4098
50943
5735
5737
66859
66585
66852
11311
66851
51018
71220
32840
55043
51015
25837
25830
33681
48440
60987
47120
28853
65802
82761
65804
65808
76807
42932
12528
8098
73124
73123
22181
79254
22185
22818
41047
65245
16579
54555
74400
80726
63602
24508
20157
69497
92007
52891
52890
10807
52895
10802
56531
63986
63983
96725
57112
57110
57117
32159
21175
6382
58034
16313
32157
61858
65240
60182
2380
60181
26258
2386
2388
60081
64171
49608
75207
12588
75751
64504
37520
63091
37526
1849
45568
1841
1847
53146
53143
2167
2160
4955
49462
68035
51993
49468
54499
62581
52631
68077
68074
1906
1905
3290
7737
3292
3293
27481
41811
13241
36383
53854
36438
53327
54676
58357
14787
55967
14969
14968
45381
45383
45389
38722
43121
34875
44164
36651
50809
40112
74514
43609
68696
85800
47463
48733
2570
26980
6899
48739
48738
57805
57800
59156
57808
71437
12549
40801
44387
62576
71439
40807
76475
47608
1270
1271
56346
1274
1275
11454
59406
8243
34382
34384
34387
29662
77874
29668
57214
73803
26899
31608
31603
56618
24578
34125
8895
8422
58023
72314
55183
55180
3334
55186
3591
71120
39181
39188
67849
50550
35834
50006
7598
44834
54325
60349
44837
7591
7590
23115
307
23113
22571
61112
26400
26402
64818
63326
36942
31879
4130
4134
20044
24668
5692
5690
55457
79031
60151
55459
56184
22798
75928
75927
31863
35521
77697
77690
19728
60158
5968
55605
55981
51978
60408
5965
32381
56766
52408
36733
56986
56983
17233
52400
58274
13430
13432
45656
64697
57225
48882
11695
5902
27317
65345
65341
46407
46406
68735
27319
2594
64434
81913
64348
45177
27914
45170
25223
42235
43083
80064
6040
6047
42723
42720
6049
58589
3066
2626
6983
45710
21596
20947
45715
65988
7352
7359
9235
9231
9232
9233
33165
54806
71339
78200
78201
26587
78206
84181
25071
12342
12347
70428
10272
10271
53460
70425
70421
10278
9058
63374
9050
9057
49818
33297
37269
37267
37265
24064
21546
41450
68449
22899
62804
69907
44440
13898
29875
67612
67610
29871
45229
62800
48881
65131
71845
2977
71843
78
68990
1041
68995
5364
1044
68999
47855
47853
60963
68229
47850
74644
54703
79153
11178
11282
37392
76641
79231
4300
77991
37842
16525
14573
33832
18016
11056
54111
37849
24494
46979
54118
62027
72812
59789
3122
3124
3125
29911
58366
83718
64402
66876
40843
66872
35732
50961
31470
19547
5751
5757
5755
5754
26236
23561
23562
61612
61614
15192
91595
528
15199
1011
67476
67475
53096
66706
74646
28159
74643
63574
66429
23308
28832
47642
12507
67956
15225
26770
39241
77199
43405
74429
46570
6674
5195
12724
42538
42537
16081
27362
8287
50610
71931
69476
19506
32171
19854
63968
16336
63618
63616
63967
63614
63447
54995
72908
65758
20313
65755
77734
43911
16566
26234
21954
21955
46362
49668
6509
46368
1861
1860
17683
75776
17681
18566
17688
4930
4932
13594
41846
45542
11737
57172
2100
2106
2105
5117
54479
14017
14014
54470
53123
58615
17060
17067
68052
62563
69555
60709
60701
1716
36418
57398
57395
10482
36417
53695
36414
33339
33338
33629
21911
78375
33620
14905
54617
48282
20574
20608
62701
45810
39883
52784
44143
44632
18206
39671
62446
1784
69324
70852
59644
15765
6872
59642
40397
67281
57829
57828
8925
67287
71103
64962
71109
78416
8222
76109
76456
8227
674
76104
72155
76101
35687
59398
15503
15500
59462
15507
59395
34767
16037
42497
7603
54148
1051
47440
59427
17395
79458
34100
56804
34104
40534
9854
9858
18302
50572
50574
1525
57608
1520
15176
15422
28489
23179
1528
1259
61429
84885
22559
22557
63926
22552
57603
31086
77504
73686
70512
8882
66008
24680
38307
60797
32413
38308
73352
38908
56161
56160
46737
35508
54063
31887
35503
23797
43141
5942
11506
2108
61134
65100
65105
27083
65107
51221
28457
51226
60553
60552
56700
56703
56702
9172
69289
17028
25792
115
16309
46178
27338
1408
27335
75909
110
60746
45482
56205
25244
75277
37051
42251
46284
42707
42259
14448
6028
2269
52427
74763
6021
6026
2649
10072
70627
2642
2643
2644
70191
70620
50477
584
9219
9210
9214
53835
33102
50048
12364
33106
54869
45152
84169
45158
62951
52911
44287
44284
10299
44280
59008
10297
44288
78082
46824
49835
46821
44661
49830
46829
24049
3557
3554
68425
3551
46636
20962
18046
20965
20967
6795
41411
2911
44460
40709
2919
29851
45108
713
58254
58257
35107
58251
54280
54281
71861
6128
71866
79131
5309
68588
5301
1063
76668
5306
26445
13012
65052
30106
30100
77342
12700
4320
31274
70986
3144
3145
3147
3148
53677
14593
3538
20210
17366
17861
17866
67671
83300
58435
66811
32267
5779
53763
51507
23093
5774
23545
59076
59075
1448
45664
59079
67494
25877
74994
47161
74999
1000
42821
72740
72747
87531
51437
76984
60532
43948
12561
12566
35975
35974
50902
20758
7414
46442
55371
16535
10676
12625
55408
10840
56577
10847
84945
69458
50634
60947
69457
10920
21020
63948
19529
63940
77203
19522
22055
22053
12191
12192
12194
65735
54786
26214
86954
4925
43939
43429
49310
43396
43391
43936
43393
49649
49643
46340
49646
46611
56395
1887
88261
1885
43012
15357
81099
43011
4918
2126
13575
13570
4663
68047
43648
34482
53106
43645
67800
58139
5171
3103
6913
54457
62549
41443
52678
64067
64066
12699
64062
34689
139
20771
20770
41119
18193
36470
49465
70291
48822
53819
32201
15728
22674
54980
62722
62726
62727
20519
41399
48513
41393
20517
41395
11722
65832
44619
36693
52722
61095
63399
55805
41135
6851
10550
41130
41131
6858
65579
29565
63236
29334
57847
54637
24798
54634
14296
71472
58399
54639
78434
40995
63213
15523
6587
59442
59441
6584
15528
34344
76121
30849
8203
34342
49045
63217
53172
7724
7725
32120
52519
40513
9878
67803
26090
55738
11154
11156
19478
24517
24516
11159
49040
657
655
38090
1504
32885
49129
57945
55737
658
60120
317
22200
73561
33667
25591
315
15761
70497
28176
3880
75777
28170
55026
55418
79471
53679
55149
72358
55144
8381
55142
55416
73401
71678
73407
56141
55933
59834
32046
43096
35561
11528
43091
32692
32694
57169
54160
61400
1543
69538
37819
30646
43894
78160
35121
60577
64653
43899
64651
3366
17849
78980
7642
46119
78989
31788
75968
17187
51615
72001
17763
74388
19952
20670
42275
17276
52447
52444
56728
995
36866
10056
10727
53716
7399
7398
57459
49582
8185
27780
63005
65002
63000
49295
54907
75384
75381
12385
35287
58890
26005
26001
64381
59489
64389
9098
9099
44262
49361
49367
21585
42855
46809
46808
42850
38524
60686
3579
5091
3571
68402
3572
2666
48189
13383
2660
13381
48180
13326
60682
44409
44408
19211
71805
2936
29825
1830
44407
60892
5321
11897
14602
11892
20186
20183
81943
76605
38664
79114
70462
3797
30474
18057
11095
11096
18054
71736
47084
31782
78605
78600
18059
62066
54158
62062
62060
3164
62068
60776
87164
29786
733
4982
67651
38026
43754
23526
10375
4986
27636
45394
25856
25855
25850
47844
31254
29161
46229
29165
48244
77950
77953
52281
66743
66744
76135
8565
69903
27189
82075
72123
72727
20455
40577
31436
86521
35776
55355
16046
55604
55358
16042
51383
22694
6633
4423
56558
26582
58510
69437
66974
26589
52877
60969
52875
16317
24725
50652
50656
61216
14610
25725
21005
75559
22078
4707
77778
76264
43407
59856
53798
66990
58142
3761
46329
77094
21913
46321
46107
75739
75738
17649
63652
41805
17390
41808
41809
4649
43668
4647
2496
63921
11778
54760
1337
63928
57601
19899
11777
17026
32370
62524
52650
5151
24080
5152
52129
52658
60036
114
20759
17376
64047
64046
113
60031
60748
63089
119
20755
36974
53381
36329
53387
53836
36456
53389
9917
73013
46630
67223
54516
45671
45670
20531
172
62293
10068
7276
44674
44679
54431
42131
54437
6837
15895
15725
41114
48797
48793
76893
57865
2567
57861
18981
14464
70817
78451
27186
18983
56353
56350
72734
54389
18260
33663
30167
53220
21551
48223
56354
34362
8770
30315
30312
15622
44097
7644
5639
47409
14209
68360
47405
1742
11870
67356
67352
67827
7038
44896
40570
44893
44890
55585
28371
11172
58515
28375
58513
66199
64502
72112
76142
76147
1292
1293
1290
17230
1294
9138
73649
77545
52059
19555
66997
66992
5026
35094
7460
55161
55162
55163
43515
37517
28196
54244
58136
34149
