# This file was produced by samtools stats (1.0+htslib-1.0) and can be plotted using plot-bamstats
# The command line was:  stats -c 1,2000,1 /media/Shared/Data/chum/populations/aln/batch_02/bowtie2/CMUW10X_0008.bam
# Summary Numbers. Use `grep ^SN | cut -f 2-` to extract this part.
SN	raw total sequences:	1405510
SN	filtered sequences:	0
SN	sequences:	1405510
SN	is sorted:	1
SN	1st fragments:	1405510
SN	last fragments:	0
SN	reads mapped:	1405510
SN	reads mapped and paired:	0	# paired-end technology bit set + both mates mapped
SN	reads unmapped:	0
SN	reads properly paired:	0	# proper-pair bit set
SN	reads paired:	0	# paired-end technology bit set
SN	reads duplicated:	0	# PCR or optical duplicate bit set
SN	reads MQ0:	127444	# mapped and MQ=0
SN	reads QC failed:	0
SN	non-primary alignments:	0
SN	total length:	118062840	# ignores clipping
SN	bases mapped:	118062840	# ignores clipping
SN	bases mapped (cigar):	118062840	# more accurate
SN	bases trimmed:	0
SN	bases duplicated:	0
SN	mismatches:	1588103	# from NM fields
SN	error rate:	1.345134e-02	# mismatches / bases mapped (cigar)
SN	average length:	84
SN	maximum length:	84
SN	average quality:	68.6
SN	insert size average:	0.0
SN	insert size standard deviation:	0.0
SN	inward oriented pairs:	0
SN	outward oriented pairs:	0
SN	pairs with other orientation:	0
SN	pairs on different chromosomes:	0
# First Fragment Qualitites. Use `grep ^FFQ | cut -f 2-` to extract this part.
# Columns correspond to qualities and rows to cycles. First column is the cycle number.
FFQ	1	0	0	0	0	0	0	0	0	0	0	0	0	0	0	0	0	0	0	0	0	0	0	0	0	0	0	0	0	0	0	0	0	0	0	0	11	15	6	1	13	6	57	50	19	23	26	41	32	122	139	206	162	58	154	429	189	714	270	909	1173	1085	1920	2791	691	10296	784	19156	14655	9150	86345	316196	937616	0
FFQ	2	0	0	0	0	0	0	0	0	0	0	0	0	0	0	0	0	0	0	0	0	0	0	0	0	0	0	0	0	0	0	0	0	0	0	0	1	1	0	1	2	9	6	92	46	3	25	23	17	51	172	214	92	47	193	392	126	737	395	770	1428	1313	2347	3418	592	12158	819	21700	16126	10659	91564	317681	922290	0
FFQ	3	0	0	0	0	0	0	0	0	0	0	0	0	0	0	0	0	0	0	0	0	0	0	0	0	0	0	0	0	0	0	0	0	0	0	0	6	4	9	39	8	27	9	131	62	18	23	32	31	117	214	198	114	77	232	458	187	665	434	898	1051	1324	1833	2622	838	8734	1039	15442	12633	7593	80775	322569	945064	0
FFQ	4	0	0	0	0	0	0	0	0	0	0	0	0	0	0	0	0	0	0	0	0	0	0	0	0	0	0	0	0	0	0	0	0	0	0	0	1	3	1	4	5	9	5	112	48	11	23	21	21	76	202	198	92	74	203	507	143	676	453	1018	1063	1692	1821	3232	702	10639	967	19030	15064	9958	92442	323468	921526	0
FFQ	5	0	0	0	0	0	0	0	0	0	0	0	0	0	0	0	0	0	0	0	0	0	0	0	0	0	0	0	0	0	0	0	0	0	0	0	0	0	0	1	7	18	19	46	20	4	17	8	39	64	90	192	68	131	182	374	185	654	545	568	1556	1097	2076	2980	695	10996	806	21548	17291	9450	104596	304819	924368	0
FFQ	6	0	0	0	0	0	0	0	0	0	0	0	0	0	0	0	0	0	0	0	0	0	0	0	0	0	0	0	0	0	0	0	0	0	0	0	0	0	0	2	4	9	14	102	62	21	31	14	54	88	207	432	88	108	203	649	199	1138	541	1120	2186	1729	3215	5131	624	16588	836	29158	21342	15685	121382	310803	871745	0
FFQ	7	0	0	0	0	0	0	0	0	0	0	0	0	0	0	0	0	0	0	0	0	0	0	0	0	0	0	0	0	0	0	0	0	0	0	0	5	3	21	55	14	58	103	388	182	40	45	83	133	304	957	1002	136	189	256	2621	229	1977	642	4743	2283	6405	3590	11198	1145	31511	2495	44818	36342	32483	130130	318607	770317	0
FFQ	8	0	0	0	0	0	0	0	0	0	0	0	0	0	0	0	0	0	0	0	0	0	0	0	0	0	0	0	0	0	0	0	0	0	0	0	11	7	16	47	17	41	166	173	93	19	36	75	80	358	506	647	119	134	178	1691	196	1616	543	3469	2348	4651	3471	8958	762	26286	1925	38002	30177	23346	128283	308672	818391	0
FFQ	9	0	0	0	0	0	0	0	0	0	0	0	0	0	0	0	0	0	0	0	0	0	0	0	0	0	0	0	0	0	0	0	0	0	0	0	7	19	23	33	18	32	116	203	106	20	26	45	61	211	456	676	98	84	177	1375	208	1480	485	2662	2434	3705	3441	8230	723	23424	1327	34308	26588	20818	126476	304556	840859	0
FFQ	10	0	0	0	0	0	0	0	0	0	0	0	0	0	0	0	0	0	0	0	0	0	0	0	0	0	0	0	0	0	0	0	0	0	0	4	11	35	59	63	52	95	179	173	81	85	149	111	239	356	417	698	273	329	554	1714	495	1477	1329	2508	3571	3617	4382	7643	2775	24784	2348	41755	35501	21081	170860	266878	808829	0
FFQ	11	0	0	0	0	0	0	0	0	0	0	0	0	0	0	0	0	0	0	0	0	0	0	0	0	0	0	0	0	0	0	0	0	0	0	3	14	34	49	48	45	91	169	227	107	71	107	118	235	302	547	834	266	368	677	1668	581	1910	1439	2901	3578	4525	4432	8597	3886	25385	3312	44829	34099	25652	172848	259043	802513	0
FFQ	12	0	0	0	0	0	0	0	0	0	0	0	0	0	0	0	0	0	0	0	0	0	0	0	0	0	0	0	0	0	0	0	0	0	0	0	15	19	37	52	37	74	238	210	129	65	98	168	245	453	563	761	320	323	571	2093	573	1864	1245	3566	3414	5175	4573	9303	3297	28688	4564	44672	40647	28852	183427	264318	770861	0
FFQ	13	0	0	0	0	0	0	0	0	0	0	0	0	0	0	0	0	0	0	0	0	0	0	0	0	0	0	0	0	0	0	0	0	0	0	0	8	19	36	34	24	56	136	212	107	47	75	96	204	327	584	826	259	280	494	1871	532	1918	1261	3508	3583	4965	4649	9427	2855	28414	3114	43924	36296	26890	184503	259013	784963	0
FFQ	14	0	0	0	0	0	0	0	0	0	0	0	0	0	0	0	0	0	0	0	0	0	0	0	0	0	0	0	0	0	0	0	0	0	0	0	6	14	37	32	27	61	128	226	112	51	68	92	166	292	651	875	248	302	603	1867	590	1889	1343	3579	3526	5019	4736	9882	3580	27729	3023	44506	35375	26729	184392	254441	789313	0
FFQ	15	0	0	0	0	0	0	0	0	0	0	0	0	0	0	0	0	0	0	0	0	0	0	0	0	0	0	0	0	0	0	0	0	0	0	0	9	21	40	45	45	91	134	190	91	98	155	174	256	425	545	745	288	367	625	1915	574	1591	1509	3020	3791	4595	4428	8659	3612	27114	2541	47255	37502	24281	177673	269659	781447	0
FFQ	16	0	0	0	0	0	0	0	0	0	0	0	0	0	0	0	0	0	0	0	0	0	0	0	0	0	0	0	0	0	0	0	0	0	0	1	12	31	41	54	42	79	174	278	101	66	125	140	261	373	716	880	323	326	597	2316	614	2015	1332	3902	3783	5723	4957	10555	3210	31429	3271	49311	39799	28611	184765	262721	762576	0
FFQ	17	0	0	0	0	0	0	0	0	0	0	0	0	0	0	0	0	0	0	0	0	0	0	0	0	0	0	0	0	0	0	0	0	0	0	2	7	31	56	48	38	92	195	292	152	78	121	186	203	422	762	940	301	437	605	2366	710	2099	1420	4325	3784	6168	4989	10445	3821	32267	4944	49898	39950	30219	187876	261887	753374	0
FFQ	18	0	0	0	0	0	0	0	0	0	0	0	0	0	0	0	0	0	0	0	0	0	0	0	0	0	0	0	0	0	0	0	0	0	0	1	5	15	38	41	41	60	190	236	119	44	92	139	208	420	700	908	245	346	616	2347	616	2064	1440	4270	3694	5905	5001	11091	3788	31990	3388	50667	39975	30923	192964	261705	749218	0
FFQ	19	0	0	0	0	0	0	0	0	0	0	0	0	0	0	0	0	0	0	0	0	0	0	0	0	0	0	0	0	0	0	0	0	0	0	2	9	23	32	37	37	87	179	323	148	58	109	192	243	418	881	975	293	417	680	2839	709	2190	1566	5028	3604	7247	4880	12172	4545	34534	3926	54934	42111	34123	191895	261105	732959	0
FFQ	20	0	0	0	0	0	0	0	0	0	0	0	0	0	0	0	0	0	0	0	0	0	0	0	0	0	0	0	0	0	0	0	0	0	0	2	14	39	88	103	112	173	275	299	142	179	233	232	411	668	727	887	396	510	800	2587	752	2059	1791	4006	3993	6340	4987	10708	4504	33694	3320	57383	44935	30079	198053	275817	714212	0
FFQ	21	0	0	0	0	0	0	0	0	0	0	0	0	0	0	0	0	0	0	0	0	0	0	0	0	0	0	0	0	0	0	0	0	0	0	1	16	23	64	73	77	164	249	409	189	128	184	184	325	580	952	1112	386	454	751	3084	729	2211	1664	5222	3968	7321	5193	12264	3996	37481	3785	59388	46602	34790	211237	271222	689032	0
FFQ	22	0	0	0	0	0	0	0	0	0	0	0	0	0	0	0	0	0	0	0	0	0	0	0	0	0	0	0	0	0	0	0	0	0	0	0	16	25	62	82	84	145	314	389	178	100	156	218	352	669	1036	1188	441	453	764	3255	725	2240	1661	5413	3909	7682	5215	12660	4289	38391	4571	59095	47939	36044	209152	267724	688873	0
FFQ	23	0	0	0	0	0	0	0	0	0	0	0	0	0	0	0	0	0	0	0	0	0	0	0	0	0	0	0	0	0	0	0	0	0	0	0	14	16	66	71	58	110	238	283	163	92	135	203	258	580	801	950	411	416	727	2633	731	1974	1600	4514	3456	6427	4827	10604	4364	31550	5184	48980	42796	30419	199326	252886	747647	0
FFQ	24	0	0	0	0	0	0	0	0	0	0	0	0	0	0	0	0	0	0	0	0	0	0	0	0	0	0	0	0	0	0	0	0	0	0	0	7	26	44	67	64	113	260	311	152	105	130	221	276	543	876	1001	435	421	726	2740	731	1922	1693	4799	3336	6731	4899	10833	4550	32274	5221	50687	44131	33012	200522	255356	736295	0
FFQ	25	0	0	0	0	0	0	0	0	0	0	0	0	0	0	0	0	0	0	0	0	0	0	0	0	0	0	0	0	0	0	0	0	0	0	4	13	34	77	104	120	189	280	296	175	192	292	276	446	789	744	954	507	538	819	3034	741	1772	1843	4674	3428	7062	4808	10668	4500	34569	5367	54903	48265	32552	184151	277426	718898	0
FFQ	26	0	0	0	0	0	0	0	0	0	0	0	0	0	0	0	0	0	0	0	0	0	0	0	0	0	0	0	0	0	0	0	0	0	0	2	27	31	77	89	81	144	291	322	164	136	208	238	366	666	885	929	427	511	867	2913	818	1860	1769	4701	3590	7091	4783	10855	4753	33116	5241	53357	45185	32784	193963	269955	722315	0
FFQ	27	0	0	0	0	0	0	0	0	0	0	0	0	0	0	0	0	0	0	0	0	0	0	0	0	0	0	0	0	0	0	0	0	0	0	6	24	26	91	76	94	152	282	349	174	158	189	259	350	655	976	996	496	576	864	3162	935	1946	1948	5248	3541	7952	4937	12553	6519	33710	5638	59356	46212	37796	189687	267335	710242	0
FFQ	28	0	0	0	0	0	0	0	0	0	0	0	0	0	0	0	0	0	0	0	0	0	0	0	0	0	0	0	0	0	0	0	0	0	0	1	19	27	80	73	93	255	348	369	214	176	186	403	622	768	1146	1037	495	714	1368	3605	1535	2236	2159	5997	3689	10450	5283	13933	10556	36746	8022	69106	49751	51013	188467	271029	663539	0
FFQ	29	0	0	0	0	0	0	0	0	0	0	0	0	0	0	0	0	0	0	0	0	0	0	0	0	0	0	0	0	0	0	0	0	0	0	2	14	27	47	65	68	104	258	339	172	139	147	242	306	654	1067	972	453	534	883	3361	849	1889	1945	5688	3226	8182	4787	12512	5428	36586	6504	56327	49150	38549	201044	267617	695373	0
FFQ	30	0	0	0	0	0	0	0	0	0	0	0	0	0	0	0	0	0	0	0	0	0	0	0	0	0	0	0	0	0	0	0	0	0	0	0	17	23	92	120	149	183	242	280	187	219	285	281	487	781	836	882	484	623	913	3022	861	1871	2158	4671	3587	7509	5350	11179	5724	36163	6605	59101	53384	34881	205763	268345	688252	0
FFQ	31	0	0	0	0	0	0	0	0	0	0	0	0	0	0	0	0	0	0	0	0	0	0	0	0	0	0	0	0	0	0	0	0	0	0	2	16	33	80	95	111	215	380	415	207	194	257	328	429	1038	1132	1026	558	593	970	4320	927	1976	2054	6861	3521	10299	5430	14621	6646	43000	7658	67546	57673	43410	210810	266551	644128	0
FFQ	32	0	0	0	0	0	0	0	0	0	0	0	0	0	0	0	0	0	0	0	0	0	0	0	0	0	0	0	0	0	0	0	0	0	0	4	22	27	78	101	109	201	387	491	238	173	255	375	450	991	1377	1112	521	641	978	4663	986	2113	2110	7655	3412	10894	5660	15286	7196	43898	9074	67071	59885	45614	207334	264620	639508	0
FFQ	33	0	0	0	0	0	0	0	0	0	0	0	0	0	0	0	0	0	0	0	0	0	0	0	0	0	0	0	0	0	0	0	0	0	0	0	9	17	52	78	88	208	368	439	203	123	203	295	416	930	1246	984	496	553	933	4173	883	2106	2086	6933	3431	10296	5489	14417	6766	42200	8134	64887	56408	43558	217526	260494	648082	0
FFQ	34	0	0	0	0	0	0	0	0	0	0	0	0	0	0	0	0	0	0	0	0	0	0	0	0	0	0	0	0	0	0	0	0	0	0	3	33	33	68	96	109	197	475	519	249	180	213	351	431	1105	1560	1116	611	666	1058	5051	1042	2179	2140	8164	3502	11820	5911	16560	7690	48192	10618	71921	65845	51649	210706	266219	607228	0
FFQ	35	0	0	0	0	0	0	0	0	0	0	0	0	0	0	0	0	0	0	0	0	0	0	0	0	0	0	0	0	0	0	0	0	0	0	2	30	28	137	191	193	279	392	345	291	266	426	435	579	1151	1196	1034	673	862	1185	3968	1078	2068	2695	5864	3805	9683	6026	13166	7596	41412	8557	67510	60297	41068	214393	263504	643125	0
FFQ	36	0	0	0	0	0	0	0	0	0	0	0	0	0	0	0	0	0	0	0	0	0	0	0	0	0	0	0	0	0	0	0	0	0	0	1	21	37	92	110	163	246	476	489	256	239	314	455	549	1264	1490	1108	638	763	1134	4830	1157	2298	2431	7870	3825	12023	6295	16026	8091	48258	10024	73663	66082	48106	221643	259394	603649	0
FFQ	37	0	0	0	0	0	0	0	0	0	0	0	0	0	0	0	0	0	0	0	0	0	0	0	0	0	0	0	0	0	0	0	0	0	0	3	21	35	90	119	153	221	487	550	248	213	273	386	512	1125	1616	1211	597	684	1170	5216	1305	2273	2425	8124	3910	12450	6688	16564	8697	48230	10572	73445	64036	48313	224532	253817	605199	0
FFQ	38	0	0	0	0	0	0	0	0	0	0	0	0	0	0	0	0	0	0	0	0	0	0	0	0	0	0	0	0	0	0	0	0	0	0	1	33	45	83	92	109	135	336	379	204	168	250	399	450	925	1195	908	650	753	1155	3875	1297	1897	2618	5981	3659	9083	6931	11808	9403	36126	13097	59842	61668	44999	200702	247120	677134	0
FFQ	39	0	0	0	0	0	0	0	0	0	0	0	0	0	0	0	0	0	0	0	0	0	0	0	0	0	0	0	0	0	0	0	0	0	0	1	27	31	76	116	122	166	368	423	223	225	266	447	459	994	1330	945	687	784	1118	4038	1294	2018	2749	6303	3813	9878	7100	13299	9768	39315	14845	62064	65204	46705	194304	245059	668946	0
FFQ	40	0	0	0	0	0	0	0	0	0	0	0	0	0	0	0	0	0	0	0	0	0	0	0	0	0	0	0	0	0	0	0	0	0	0	3	27	37	119	143	210	243	312	391	199	280	356	439	476	863	1096	883	683	803	1026	3493	1000	1744	2402	5280	2964	8452	5478	10559	7244	35601	10051	57078	57904	41300	164821	288966	692584	0
FFQ	41	0	0	0	0	0	0	0	0	0	0	0	0	0	0	0	0	0	0	0	0	0	0	0	0	0	0	0	0	0	0	0	0	0	0	3	40	38	100	123	143	182	335	391	218	218	299	408	490	983	1197	904	625	705	1018	3858	1111	1776	2235	5974	3081	9279	5863	11901	7623	37714	11358	56960	60010	44471	167387	284645	681844	0
FFQ	42	0	0	0	0	0	0	0	0	0	0	0	0	0	0	0	0	0	0	0	0	0	0	0	0	0	0	0	0	0	0	0	0	0	0	2	43	44	98	97	111	167	374	472	221	191	261	357	386	910	1384	908	607	608	1001	4302	1066	1813	2164	6692	2942	10005	5741	12932	7258	39634	11391	58978	60727	46130	174992	280100	670401	0
FFQ	43	0	0	0	0	0	0	0	0	0	0	0	0	0	0	0	0	0	0	0	0	0	0	0	0	0	0	0	0	0	0	0	0	0	0	1	35	29	78	110	94	195	358	432	184	178	228	355	410	963	1387	863	656	616	959	4373	1047	1654	2227	6604	2989	9873	5918	12844	7591	40141	12592	59095	63187	48429	177826	285569	655420	0
FFQ	44	0	0	0	0	0	0	0	0	0	0	0	0	0	0	0	0	0	0	0	0	0	0	0	0	0	0	0	0	0	0	0	0	0	0	5	30	35	88	96	103	177	408	378	194	173	216	376	444	1025	1430	892	681	639	1055	4489	1154	1754	2212	7128	2918	10363	5986	13735	7995	40650	12944	60699	63837	49858	174049	284140	653154	0
FFQ	45	0	0	0	0	0	0	0	0	0	0	0	0	0	0	0	0	0	0	0	0	0	0	0	0	0	0	0	0	0	0	0	0	0	0	4	49	40	119	168	206	291	374	353	283	287	404	455	605	1035	1143	873	745	847	1146	4068	1207	1841	2584	5968	3114	9834	6231	12194	8582	40640	12573	62717	65801	48216	170114	296346	644053	0
FFQ	46	0	0	0	0	0	0	0	0	0	0	0	0	0	0	0	0	0	0	0	0	0	0	0	0	0	0	0	0	0	0	0	0	0	0	4	61	51	149	176	207	300	524	637	317	296	368	554	507	1234	1851	956	781	856	1130	5470	1253	2014	2532	8256	3297	12268	6725	16016	9427	48236	15553	66271	72847	54639	168380	286372	614995	0
FFQ	47	0	0	0	0	0	0	0	0	0	0	0	0	0	0	0	0	0	0	0	0	0	0	0	0	0	0	0	0	0	0	0	0	0	0	4	51	35	117	128	150	230	444	488	241	224	264	514	474	1090	1646	965	751	773	1070	4904	1255	1923	2412	7513	3238	11735	6743	14758	9066	44162	14854	63967	69582	53685	172853	285325	627876	0
FFQ	48	0	0	0	0	0	0	0	0	0	0	0	0	0	0	0	0	0	0	0	0	0	0	0	0	0	0	0	0	0	0	0	0	0	0	4	54	29	104	123	148	242	492	453	240	246	272	404	526	1204	1786	883	686	714	1094	5221	1363	1977	2436	8034	3382	11887	6815	15398	9850	46391	16076	67108	74048	56922	171309	287553	610036	0
FFQ	49	0	0	0	0	0	0	0	0	0	0	0	0	0	0	0	0	0	0	0	0	0	0	0	0	0	0	0	0	0	0	0	0	0	0	2	42	38	122	132	136	210	504	563	272	231	270	474	515	1205	2025	921	723	787	1123	5932	1329	2077	2510	8965	3397	13378	6948	17166	9885	50692	17191	69818	77062	59518	174497	286555	588295	0
FFQ	50	0	0	0	0	0	0	0	0	0	0	0	0	0	0	0	0	0	0	0	0	0	0	0	0	0	0	0	0	0	0	0	0	0	0	4	58	78	187	274	260	380	485	466	346	413	505	696	708	1316	1418	1081	918	1070	1356	5019	1417	2490	3038	7328	3690	12188	8071	14846	11426	48938	17461	69620	83131	56107	171063	291512	586146	0
FFQ	51	0	0	0	0	0	0	0	0	0	0	0	0	0	0	0	0	0	0	0	0	0	0	0	0	0	0	0	0	0	0	0	0	0	0	5	51	46	155	214	227	298	515	506	300	355	412	610	691	1391	1731	1101	963	971	1355	5636	1616	2412	2928	8299	3996	13483	8323	17497	12585	53367	20759	73848	88328	61381	170495	285173	563487	0
FFQ	52	0	0	0	0	0	0	0	0	0	0	0	0	0	0	0	0	0	0	0	0	0	0	0	0	0	0	0	0	0	0	0	0	0	0	8	78	81	150	226	239	338	613	581	337	348	370	689	672	1508	1898	1099	1003	1011	1371	6060	1749	2248	2906	9522	4076	14029	8588	17743	12886	53569	21533	72835	88265	63450	174510	285070	553851	0
FFQ	53	0	0	0	0	0	0	0	0	0	0	0	0	0	0	0	0	0	0	0	0	0	0	0	0	0	0	0	0	0	0	0	0	0	0	4	44	46	156	169	221	310	585	666	327	319	360	616	639	1471	2405	1033	912	1023	1325	6864	1639	2358	2788	10166	3988	15178	8531	19442	12811	57654	22527	78262	92458	68032	176054	280905	533222	0
FFQ	54	0	0	0	0	0	0	0	0	0	0	0	0	0	0	0	0	0	0	0	0	0	0	0	0	0	0	0	0	0	0	0	0	0	0	3	49	50	142	161	214	294	667	729	314	310	342	646	689	1671	2300	1057	1016	1075	1393	7130	1815	2533	3028	10665	4193	16003	8864	20386	13699	59447	23937	79065	95260	69049	172842	280547	523925	0
FFQ	55	0	0	0	0	0	0	0	0	0	0	0	0	0	0	0	0	0	0	0	0	0	0	0	0	0	0	0	0	0	0	0	0	0	0	3	67	64	195	294	339	467	562	594	430	500	586	861	842	1726	1830	1267	1181	1300	1575	6313	1632	2909	3485	8807	4306	14831	9807	18644	14565	60751	23638	80748	103538	67699	172104	290734	506316	0
FFQ	56	0	0	0	0	0	0	0	0	0	0	0	0	0	0	0	0	0	0	0	0	0	0	0	0	0	0	0	0	0	0	0	0	0	0	7	69	68	167	239	264	383	597	660	350	369	423	686	785	1686	2155	1145	1030	1117	1535	6877	1697	2773	3295	10123	4474	15513	9988	19677	14626	59770	24739	79435	99159	68529	173338	278962	518800	0
FFQ	57	0	0	0	0	0	0	0	0	0	0	0	0	0	0	0	0	0	0	0	0	0	0	0	0	0	0	0	0	0	0	0	0	0	0	0	59	40	166	196	258	339	726	692	365	344	489	734	710	1782	2347	1195	1098	1079	1448	7221	1818	2706	3388	10459	4727	16045	10345	21670	15090	64167	26564	81780	102779	72018	172648	282174	495844	0
FFQ	58	0	0	0	0	0	0	0	0	0	0	0	0	0	0	0	0	0	0	0	0	0	0	0	0	0	0	0	0	0	0	0	0	0	0	2	82	67	183	254	269	422	890	811	428	381	463	830	813	2287	2696	1225	1192	1214	1719	8567	2081	3087	3551	12565	5188	19332	10611	25209	15938	72917	28928	87502	109397	75748	174044	275853	458764	0
FFQ	59	0	0	0	0	0	0	0	0	0	0	0	0	0	0	0	0	0	0	0	0	0	0	0	0	0	0	0	0	0	0	0	0	0	0	4	64	51	148	255	235	347	762	831	353	378	429	767	801	1904	2816	1142	1168	1203	1656	8201	2037	2983	3425	12096	5000	18277	10635	24035	16575	69549	29520	87625	112600	75236	177581	272289	462532	0
FFQ	60	0	0	0	0	0	0	0	0	0	0	0	0	0	0	0	0	0	0	0	0	0	0	0	0	0	0	0	0	0	0	0	0	0	0	6	68	89	252	404	455	538	725	736	557	615	766	1000	1032	2204	2049	1439	1301	1558	1762	7853	1987	3452	4102	10562	5118	17654	11868	22628	17651	70334	30439	86919	118190	73622	168866	282164	454545	0
FFQ	61	0	0	0	0	0	0	0	0	0	0	0	0	0	0	0	0	0	0	0	0	0	0	0	0	0	0	0	0	0	0	0	0	0	0	4	61	76	220	330	395	551	987	795	512	578	670	1019	1011	2331	2671	1435	1422	1483	1833	8794	2354	3409	4089	12153	6007	19282	12267	25622	18630	75126	32989	89668	118913	76322	167316	274153	440032	0
FFQ	62	0	0	0	0	0	0	0	0	0	0	0	0	0	0	0	0	0	0	0	0	0	0	0	0	0	0	0	0	0	0	0	0	0	0	0	69	60	197	256	330	476	794	812	387	469	556	933	913	2326	2688	1343	1378	1476	1773	9003	2460	3277	4041	12555	6142	19274	12595	26311	19642	75019	34152	91470	120364	79834	166771	273711	431653	0
FFQ	63	0	0	0	0	0	0	0	0	0	0	0	0	0	0	0	0	0	0	0	0	0	0	0	0	0	0	0	0	0	0	0	0	0	0	7	55	79	228	316	335	494	1134	798	429	481	595	1036	1102	2616	2898	1255	1485	1565	2074	9696	2566	3428	4214	13661	6313	20897	12681	27773	20597	78121	35984	94235	122529	82237	167562	272727	411307	0
FFQ	64	0	0	0	0	0	0	0	0	0	0	0	0	0	0	0	0	0	0	0	0	0	0	0	0	0	0	0	0	0	0	0	0	0	0	6	79	78	200	291	318	546	1087	1018	475	524	567	1093	1084	2685	3331	1339	1504	1642	2166	10458	2788	3808	4540	14521	6797	22302	12844	30730	20946	86352	38175	96255	130359	80993	169398	261278	392933	0
FFQ	65	0	0	0	0	0	0	0	0	0	0	0	0	0	0	0	0	0	0	0	0	0	0	0	0	0	0	0	0	0	0	0	0	0	0	6	109	155	371	563	685	757	1052	849	772	889	955	1399	1333	2752	2809	1858	1890	2113	2344	9104	2846	4556	5381	11973	7236	19968	15379	26869	23229	79681	36744	94330	130286	76897	166060	264168	407142	0
FFQ	66	0	0	0	0	0	0	0	0	0	0	0	0	0	0	0	0	0	0	0	0	0	0	0	0	0	0	0	0	0	0	0	0	0	0	5	108	132	325	447	502	732	1180	1013	673	725	818	1392	1367	3004	3394	1715	1886	2123	2468	10666	3195	4470	5685	14785	8547	23440	15740	31872	24759	87881	41544	99559	133434	82392	165024	255822	372686	0
FFQ	67	0	0	0	0	0	0	0	0	0	0	0	0	0	0	0	0	0	0	0	0	0	0	0	0	0	0	0	0	0	0	0	0	0	0	8	96	136	280	426	498	698	1233	1113	569	682	818	1426	1289	3093	3693	1659	1957	2159	2540	11068	3614	4389	5872	15451	8777	24198	16552	32931	25759	90293	42512	100025	133930	83506	162064	253562	366634	0
FFQ	68	0	0	0	0	0	0	0	0	0	0	0	0	0	0	0	0	0	0	0	0	0	0	0	0	0	0	0	0	0	0	0	0	0	0	8	99	130	292	429	498	720	1522	1209	675	716	884	1446	1476	3527	3885	1880	2032	2150	2764	12583	3543	4818	5871	16794	9315	26837	16824	37842	25960	99073	45582	103496	140831	84183	164306	246335	334975	0
FFQ	69	0	0	0	0	0	0	0	0	0	0	0	0	0	0	0	0	0	0	0	0	0	0	0	0	0	0	0	0	0	0	0	0	0	0	4	91	121	298	447	511	805	1612	1428	703	706	843	1343	1507	3767	4278	1867	2054	2100	2960	13245	3726	4883	6284	17851	9819	27452	17336	38782	26516	102487	46585	105597	142677	86385	160905	243600	323935	0
FFQ	70	0	0	0	0	0	0	0	0	0	0	0	0	0	0	0	0	0	0	0	0	0	0	0	0	0	0	0	0	0	0	0	0	0	0	19	164	277	565	786	994	1130	1460	1260	1069	1291	1491	1961	1946	4014	3774	2536	2591	2968	3122	12838	3841	6321	7550	15824	10708	27025	19553	38723	29975	105873	47964	105982	154186	81490	160777	235977	307485	0
FFQ	71	0	0	0	0	0	0	0	0	0	0	0	0	0	0	0	0	0	0	0	0	0	0	0	0	0	0	0	0	0	0	0	0	0	0	10	143	180	409	573	668	891	1294	1309	847	978	1096	1608	1691	3443	4503	2333	2395	2694	3101	12942	4104	5996	7279	17239	11547	27474	20659	40251	30632	106310	49687	107497	153156	84266	157318	230444	308543	0
FFQ	72	0	0	0	0	0	0	0	0	0	0	0	0	0	0	0	0	0	0	0	0	0	0	0	0	0	0	0	0	0	0	0	0	0	0	12	125	169	390	584	725	982	1761	1634	846	946	1133	1814	1777	4251	4979	2241	2511	2718	3247	14748	4246	6147	7502	19405	11959	29811	21071	43328	30958	112445	51932	109638	155553	86138	158794	224968	284022	0
FFQ	73	0	0	0	0	0	0	0	0	0	0	0	0	0	0	0	0	0	0	0	0	0	0	0	0	0	0	0	0	0	0	0	0	0	0	13	133	199	411	638	714	1018	1906	1623	930	972	1204	1807	1885	4359	5254	2343	2816	2848	3768	15328	4775	6309	8120	19668	13099	31710	21696	46876	31470	117913	53242	110248	155969	85172	156238	222069	270767	0
FFQ	74	0	0	0	0	0	0	0	0	0	0	0	0	0	0	0	0	0	0	0	0	0	0	0	0	0	0	0	0	0	0	0	0	0	0	9	120	183	396	635	649	917	1872	1586	909	972	1188	1846	1901	4240	5121	2492	2831	2813	3814	14842	4888	6440	7987	19145	13641	31083	21999	46708	32360	116685	54416	110122	160097	85800	155664	222359	266780	0
FFQ	75	0	0	0	0	0	0	0	0	0	0	0	0	0	0	0	0	0	0	0	0	0	0	0	0	0	0	0	0	0	0	0	0	0	0	26	185	324	641	897	1036	1199	1542	1305	1285	1490	1724	2152	2212	4091	4233	2947	3260	3566	3683	13356	4679	7857	9291	16426	14473	28839	25106	43258	36190	114898	53076	110736	164823	80963	153648	222248	267845	0
FFQ	76	0	0	0	0	0	0	0	0	0	0	0	0	0	0	0	0	0	0	0	0	0	0	0	0	0	0	0	0	0	0	0	0	0	0	10	198	308	591	765	1089	1286	1969	1721	1204	1328	1550	2251	2238	4854	5754	2889	3319	3631	4306	16639	5676	7788	10053	20822	16529	34528	25640	51269	36391	125431	57242	112962	162625	82527	149271	211517	237339	0
FFQ	77	0	0	0	0	0	0	0	0	0	0	0	0	0	0	0	0	0	0	0	0	0	0	0	0	0	0	0	0	0	0	0	0	0	0	8	174	242	546	775	1077	1225	2198	2063	1197	1273	1522	2323	2531	5020	6512	3129	3593	3780	4672	17981	6276	7944	10822	22536	17826	36695	26529	56170	37726	134624	60283	113607	165752	81220	145599	201007	219053	0
FFQ	78	0	0	0	0	0	0	0	0	0	0	0	0	0	0	0	0	0	0	0	0	0	0	0	0	0	0	0	0	0	0	0	0	0	0	17	223	263	543	765	990	1267	2230	1878	1151	1360	1520	2409	2488	5452	6048	3094	3629	4044	4749	17545	6583	8246	11093	23161	17946	37497	26786	57408	38164	136014	60588	114636	166018	82840	146576	198393	211896	0
FFQ	79	0	0	0	0	0	0	0	0	0	0	0	0	0	0	0	0	0	0	0	0	0	0	0	0	0	0	0	0	0	0	0	0	0	0	16	201	296	560	822	1005	1360	2888	2436	1400	1312	1526	2460	2716	6318	7060	3232	3768	4031	5375	19907	6730	8840	11799	24418	18763	39790	27237	61126	38508	141888	63334	115963	168805	82228	144724	189190	193478	0
FFQ	80	0	0	0	0	0	0	0	0	0	0	0	0	0	0	0	0	0	0	0	0	0	0	0	0	0	0	0	0	0	0	0	0	0	0	24	203	407	814	1090	1387	1501	1957	1647	1668	1816	2270	2767	2984	5157	5940	3954	4120	4799	4978	17837	6664	10229	13441	20665	21591	38567	33578	64110	43889	149730	65306	116051	181843	76478	137542	178148	180358	0
FFQ	81	0	0	0	0	0	0	0	0	0	0	0	0	0	0	0	0	0	0	0	0	0	0	0	0	0	0	0	0	0	0	0	0	0	0	14	166	295	650	988	1165	1407	2258	1869	1369	1621	1795	2849	2847	5748	6605	3789	4186	4746	5350	20029	7464	10040	13155	24557	22936	41717	34369	67184	45493	149802	65825	117695	175145	79842	133339	174605	172596	0
FFQ	82	0	0	0	0	0	0	0	0	0	0	0	0	0	0	0	0	0	0	0	0	0	0	0	0	0	0	0	0	0	0	0	0	0	0	18	322	391	704	1073	1324	1579	2831	2260	1533	1735	1965	3170	3230	6630	7401	4012	4579	5068	6323	21461	8554	10502	14406	26733	25288	45252	35171	73670	46066	159613	68668	117203	176773	76886	128628	161082	153406	0
FFQ	83	0	0	0	0	0	0	0	0	0	0	0	0	0	0	0	0	0	0	0	0	0	0	0	0	0	0	0	0	0	0	0	0	0	2	9	209	299	692	936	1099	1660	2806	2143	1468	1459	1666	2949	2998	6221	6995	3793	4289	4760	6178	20755	8222	10499	13752	25915	24453	42585	35095	71011	47109	153989	68675	117534	174678	78868	132365	168879	158495	0
FFQ	84	0	0	0	0	0	0	0	0	0	0	0	0	0	0	0	0	0	0	0	0	0	0	0	0	0	0	0	0	0	0	0	0	0	6462	13	185	254	649	886	1180	1368	2706	2003	1338	1464	1695	2858	3158	6799	6908	3995	4560	4985	6496	21580	8597	10817	14196	27197	25178	44542	38368	78048	48623	165393	71369	121475	178535	76149	125634	153384	136463	0
FFQ	85	0	0	0	0	0	0	0	0	0	0	0	0	0	0	0	0	0	0	0	0	0	0	0	0	0	0	0	0	0	0	0	0	0	0	0	0	0	0	0	0	0	0	0	0	0	0	0	0	0	0	0	0	0	0	0	0	0	0	0	0	0	0	0	0	0	0	0	0	0	0	0	0	0
# Last Fragment Qualitites. Use `grep ^LFQ | cut -f 2-` to extract this part.
# Columns correspond to qualities and rows to cycles. First column is the cycle number.
LFQ	1	0	0	0	0	0	0	0	0	0	0	0	0	0	0	0	0	0	0	0	0	0	0	0	0	0	0	0	0	0	0	0	0	0	0	0	0	0	0	0	0	0	0	0	0	0	0	0	0	0	0	0	0	0	0	0	0	0	0	0	0	0	0	0	0	0	0	0	0	0	0	0	0	0
LFQ	2	0	0	0	0	0	0	0	0	0	0	0	0	0	0	0	0	0	0	0	0	0	0	0	0	0	0	0	0	0	0	0	0	0	0	0	0	0	0	0	0	0	0	0	0	0	0	0	0	0	0	0	0	0	0	0	0	0	0	0	0	0	0	0	0	0	0	0	0	0	0	0	0	0
LFQ	3	0	0	0	0	0	0	0	0	0	0	0	0	0	0	0	0	0	0	0	0	0	0	0	0	0	0	0	0	0	0	0	0	0	0	0	0	0	0	0	0	0	0	0	0	0	0	0	0	0	0	0	0	0	0	0	0	0	0	0	0	0	0	0	0	0	0	0	0	0	0	0	0	0
LFQ	4	0	0	0	0	0	0	0	0	0	0	0	0	0	0	0	0	0	0	0	0	0	0	0	0	0	0	0	0	0	0	0	0	0	0	0	0	0	0	0	0	0	0	0	0	0	0	0	0	0	0	0	0	0	0	0	0	0	0	0	0	0	0	0	0	0	0	0	0	0	0	0	0	0
LFQ	5	0	0	0	0	0	0	0	0	0	0	0	0	0	0	0	0	0	0	0	0	0	0	0	0	0	0	0	0	0	0	0	0	0	0	0	0	0	0	0	0	0	0	0	0	0	0	0	0	0	0	0	0	0	0	0	0	0	0	0	0	0	0	0	0	0	0	0	0	0	0	0	0	0
LFQ	6	0	0	0	0	0	0	0	0	0	0	0	0	0	0	0	0	0	0	0	0	0	0	0	0	0	0	0	0	0	0	0	0	0	0	0	0	0	0	0	0	0	0	0	0	0	0	0	0	0	0	0	0	0	0	0	0	0	0	0	0	0	0	0	0	0	0	0	0	0	0	0	0	0
LFQ	7	0	0	0	0	0	0	0	0	0	0	0	0	0	0	0	0	0	0	0	0	0	0	0	0	0	0	0	0	0	0	0	0	0	0	0	0	0	0	0	0	0	0	0	0	0	0	0	0	0	0	0	0	0	0	0	0	0	0	0	0	0	0	0	0	0	0	0	0	0	0	0	0	0
LFQ	8	0	0	0	0	0	0	0	0	0	0	0	0	0	0	0	0	0	0	0	0	0	0	0	0	0	0	0	0	0	0	0	0	0	0	0	0	0	0	0	0	0	0	0	0	0	0	0	0	0	0	0	0	0	0	0	0	0	0	0	0	0	0	0	0	0	0	0	0	0	0	0	0	0
LFQ	9	0	0	0	0	0	0	0	0	0	0	0	0	0	0	0	0	0	0	0	0	0	0	0	0	0	0	0	0	0	0	0	0	0	0	0	0	0	0	0	0	0	0	0	0	0	0	0	0	0	0	0	0	0	0	0	0	0	0	0	0	0	0	0	0	0	0	0	0	0	0	0	0	0
LFQ	10	0	0	0	0	0	0	0	0	0	0	0	0	0	0	0	0	0	0	0	0	0	0	0	0	0	0	0	0	0	0	0	0	0	0	0	0	0	0	0	0	0	0	0	0	0	0	0	0	0	0	0	0	0	0	0	0	0	0	0	0	0	0	0	0	0	0	0	0	0	0	0	0	0
LFQ	11	0	0	0	0	0	0	0	0	0	0	0	0	0	0	0	0	0	0	0	0	0	0	0	0	0	0	0	0	0	0	0	0	0	0	0	0	0	0	0	0	0	0	0	0	0	0	0	0	0	0	0	0	0	0	0	0	0	0	0	0	0	0	0	0	0	0	0	0	0	0	0	0	0
LFQ	12	0	0	0	0	0	0	0	0	0	0	0	0	0	0	0	0	0	0	0	0	0	0	0	0	0	0	0	0	0	0	0	0	0	0	0	0	0	0	0	0	0	0	0	0	0	0	0	0	0	0	0	0	0	0	0	0	0	0	0	0	0	0	0	0	0	0	0	0	0	0	0	0	0
LFQ	13	0	0	0	0	0	0	0	0	0	0	0	0	0	0	0	0	0	0	0	0	0	0	0	0	0	0	0	0	0	0	0	0	0	0	0	0	0	0	0	0	0	0	0	0	0	0	0	0	0	0	0	0	0	0	0	0	0	0	0	0	0	0	0	0	0	0	0	0	0	0	0	0	0
LFQ	14	0	0	0	0	0	0	0	0	0	0	0	0	0	0	0	0	0	0	0	0	0	0	0	0	0	0	0	0	0	0	0	0	0	0	0	0	0	0	0	0	0	0	0	0	0	0	0	0	0	0	0	0	0	0	0	0	0	0	0	0	0	0	0	0	0	0	0	0	0	0	0	0	0
LFQ	15	0	0	0	0	0	0	0	0	0	0	0	0	0	0	0	0	0	0	0	0	0	0	0	0	0	0	0	0	0	0	0	0	0	0	0	0	0	0	0	0	0	0	0	0	0	0	0	0	0	0	0	0	0	0	0	0	0	0	0	0	0	0	0	0	0	0	0	0	0	0	0	0	0
LFQ	16	0	0	0	0	0	0	0	0	0	0	0	0	0	0	0	0	0	0	0	0	0	0	0	0	0	0	0	0	0	0	0	0	0	0	0	0	0	0	0	0	0	0	0	0	0	0	0	0	0	0	0	0	0	0	0	0	0	0	0	0	0	0	0	0	0	0	0	0	0	0	0	0	0
LFQ	17	0	0	0	0	0	0	0	0	0	0	0	0	0	0	0	0	0	0	0	0	0	0	0	0	0	0	0	0	0	0	0	0	0	0	0	0	0	0	0	0	0	0	0	0	0	0	0	0	0	0	0	0	0	0	0	0	0	0	0	0	0	0	0	0	0	0	0	0	0	0	0	0	0
LFQ	18	0	0	0	0	0	0	0	0	0	0	0	0	0	0	0	0	0	0	0	0	0	0	0	0	0	0	0	0	0	0	0	0	0	0	0	0	0	0	0	0	0	0	0	0	0	0	0	0	0	0	0	0	0	0	0	0	0	0	0	0	0	0	0	0	0	0	0	0	0	0	0	0	0
LFQ	19	0	0	0	0	0	0	0	0	0	0	0	0	0	0	0	0	0	0	0	0	0	0	0	0	0	0	0	0	0	0	0	0	0	0	0	0	0	0	0	0	0	0	0	0	0	0	0	0	0	0	0	0	0	0	0	0	0	0	0	0	0	0	0	0	0	0	0	0	0	0	0	0	0
LFQ	20	0	0	0	0	0	0	0	0	0	0	0	0	0	0	0	0	0	0	0	0	0	0	0	0	0	0	0	0	0	0	0	0	0	0	0	0	0	0	0	0	0	0	0	0	0	0	0	0	0	0	0	0	0	0	0	0	0	0	0	0	0	0	0	0	0	0	0	0	0	0	0	0	0
LFQ	21	0	0	0	0	0	0	0	0	0	0	0	0	0	0	0	0	0	0	0	0	0	0	0	0	0	0	0	0	0	0	0	0	0	0	0	0	0	0	0	0	0	0	0	0	0	0	0	0	0	0	0	0	0	0	0	0	0	0	0	0	0	0	0	0	0	0	0	0	0	0	0	0	0
LFQ	22	0	0	0	0	0	0	0	0	0	0	0	0	0	0	0	0	0	0	0	0	0	0	0	0	0	0	0	0	0	0	0	0	0	0	0	0	0	0	0	0	0	0	0	0	0	0	0	0	0	0	0	0	0	0	0	0	0	0	0	0	0	0	0	0	0	0	0	0	0	0	0	0	0
LFQ	23	0	0	0	0	0	0	0	0	0	0	0	0	0	0	0	0	0	0	0	0	0	0	0	0	0	0	0	0	0	0	0	0	0	0	0	0	0	0	0	0	0	0	0	0	0	0	0	0	0	0	0	0	0	0	0	0	0	0	0	0	0	0	0	0	0	0	0	0	0	0	0	0	0
LFQ	24	0	0	0	0	0	0	0	0	0	0	0	0	0	0	0	0	0	0	0	0	0	0	0	0	0	0	0	0	0	0	0	0	0	0	0	0	0	0	0	0	0	0	0	0	0	0	0	0	0	0	0	0	0	0	0	0	0	0	0	0	0	0	0	0	0	0	0	0	0	0	0	0	0
LFQ	25	0	0	0	0	0	0	0	0	0	0	0	0	0	0	0	0	0	0	0	0	0	0	0	0	0	0	0	0	0	0	0	0	0	0	0	0	0	0	0	0	0	0	0	0	0	0	0	0	0	0	0	0	0	0	0	0	0	0	0	0	0	0	0	0	0	0	0	0	0	0	0	0	0
LFQ	26	0	0	0	0	0	0	0	0	0	0	0	0	0	0	0	0	0	0	0	0	0	0	0	0	0	0	0	0	0	0	0	0	0	0	0	0	0	0	0	0	0	0	0	0	0	0	0	0	0	0	0	0	0	0	0	0	0	0	0	0	0	0	0	0	0	0	0	0	0	0	0	0	0
LFQ	27	0	0	0	0	0	0	0	0	0	0	0	0	0	0	0	0	0	0	0	0	0	0	0	0	0	0	0	0	0	0	0	0	0	0	0	0	0	0	0	0	0	0	0	0	0	0	0	0	0	0	0	0	0	0	0	0	0	0	0	0	0	0	0	0	0	0	0	0	0	0	0	0	0
LFQ	28	0	0	0	0	0	0	0	0	0	0	0	0	0	0	0	0	0	0	0	0	0	0	0	0	0	0	0	0	0	0	0	0	0	0	0	0	0	0	0	0	0	0	0	0	0	0	0	0	0	0	0	0	0	0	0	0	0	0	0	0	0	0	0	0	0	0	0	0	0	0	0	0	0
LFQ	29	0	0	0	0	0	0	0	0	0	0	0	0	0	0	0	0	0	0	0	0	0	0	0	0	0	0	0	0	0	0	0	0	0	0	0	0	0	0	0	0	0	0	0	0	0	0	0	0	0	0	0	0	0	0	0	0	0	0	0	0	0	0	0	0	0	0	0	0	0	0	0	0	0
LFQ	30	0	0	0	0	0	0	0	0	0	0	0	0	0	0	0	0	0	0	0	0	0	0	0	0	0	0	0	0	0	0	0	0	0	0	0	0	0	0	0	0	0	0	0	0	0	0	0	0	0	0	0	0	0	0	0	0	0	0	0	0	0	0	0	0	0	0	0	0	0	0	0	0	0
LFQ	31	0	0	0	0	0	0	0	0	0	0	0	0	0	0	0	0	0	0	0	0	0	0	0	0	0	0	0	0	0	0	0	0	0	0	0	0	0	0	0	0	0	0	0	0	0	0	0	0	0	0	0	0	0	0	0	0	0	0	0	0	0	0	0	0	0	0	0	0	0	0	0	0	0
LFQ	32	0	0	0	0	0	0	0	0	0	0	0	0	0	0	0	0	0	0	0	0	0	0	0	0	0	0	0	0	0	0	0	0	0	0	0	0	0	0	0	0	0	0	0	0	0	0	0	0	0	0	0	0	0	0	0	0	0	0	0	0	0	0	0	0	0	0	0	0	0	0	0	0	0
LFQ	33	0	0	0	0	0	0	0	0	0	0	0	0	0	0	0	0	0	0	0	0	0	0	0	0	0	0	0	0	0	0	0	0	0	0	0	0	0	0	0	0	0	0	0	0	0	0	0	0	0	0	0	0	0	0	0	0	0	0	0	0	0	0	0	0	0	0	0	0	0	0	0	0	0
LFQ	34	0	0	0	0	0	0	0	0	0	0	0	0	0	0	0	0	0	0	0	0	0	0	0	0	0	0	0	0	0	0	0	0	0	0	0	0	0	0	0	0	0	0	0	0	0	0	0	0	0	0	0	0	0	0	0	0	0	0	0	0	0	0	0	0	0	0	0	0	0	0	0	0	0
LFQ	35	0	0	0	0	0	0	0	0	0	0	0	0	0	0	0	0	0	0	0	0	0	0	0	0	0	0	0	0	0	0	0	0	0	0	0	0	0	0	0	0	0	0	0	0	0	0	0	0	0	0	0	0	0	0	0	0	0	0	0	0	0	0	0	0	0	0	0	0	0	0	0	0	0
LFQ	36	0	0	0	0	0	0	0	0	0	0	0	0	0	0	0	0	0	0	0	0	0	0	0	0	0	0	0	0	0	0	0	0	0	0	0	0	0	0	0	0	0	0	0	0	0	0	0	0	0	0	0	0	0	0	0	0	0	0	0	0	0	0	0	0	0	0	0	0	0	0	0	0	0
LFQ	37	0	0	0	0	0	0	0	0	0	0	0	0	0	0	0	0	0	0	0	0	0	0	0	0	0	0	0	0	0	0	0	0	0	0	0	0	0	0	0	0	0	0	0	0	0	0	0	0	0	0	0	0	0	0	0	0	0	0	0	0	0	0	0	0	0	0	0	0	0	0	0	0	0
LFQ	38	0	0	0	0	0	0	0	0	0	0	0	0	0	0	0	0	0	0	0	0	0	0	0	0	0	0	0	0	0	0	0	0	0	0	0	0	0	0	0	0	0	0	0	0	0	0	0	0	0	0	0	0	0	0	0	0	0	0	0	0	0	0	0	0	0	0	0	0	0	0	0	0	0
LFQ	39	0	0	0	0	0	0	0	0	0	0	0	0	0	0	0	0	0	0	0	0	0	0	0	0	0	0	0	0	0	0	0	0	0	0	0	0	0	0	0	0	0	0	0	0	0	0	0	0	0	0	0	0	0	0	0	0	0	0	0	0	0	0	0	0	0	0	0	0	0	0	0	0	0
LFQ	40	0	0	0	0	0	0	0	0	0	0	0	0	0	0	0	0	0	0	0	0	0	0	0	0	0	0	0	0	0	0	0	0	0	0	0	0	0	0	0	0	0	0	0	0	0	0	0	0	0	0	0	0	0	0	0	0	0	0	0	0	0	0	0	0	0	0	0	0	0	0	0	0	0
LFQ	41	0	0	0	0	0	0	0	0	0	0	0	0	0	0	0	0	0	0	0	0	0	0	0	0	0	0	0	0	0	0	0	0	0	0	0	0	0	0	0	0	0	0	0	0	0	0	0	0	0	0	0	0	0	0	0	0	0	0	0	0	0	0	0	0	0	0	0	0	0	0	0	0	0
LFQ	42	0	0	0	0	0	0	0	0	0	0	0	0	0	0	0	0	0	0	0	0	0	0	0	0	0	0	0	0	0	0	0	0	0	0	0	0	0	0	0	0	0	0	0	0	0	0	0	0	0	0	0	0	0	0	0	0	0	0	0	0	0	0	0	0	0	0	0	0	0	0	0	0	0
LFQ	43	0	0	0	0	0	0	0	0	0	0	0	0	0	0	0	0	0	0	0	0	0	0	0	0	0	0	0	0	0	0	0	0	0	0	0	0	0	0	0	0	0	0	0	0	0	0	0	0	0	0	0	0	0	0	0	0	0	0	0	0	0	0	0	0	0	0	0	0	0	0	0	0	0
LFQ	44	0	0	0	0	0	0	0	0	0	0	0	0	0	0	0	0	0	0	0	0	0	0	0	0	0	0	0	0	0	0	0	0	0	0	0	0	0	0	0	0	0	0	0	0	0	0	0	0	0	0	0	0	0	0	0	0	0	0	0	0	0	0	0	0	0	0	0	0	0	0	0	0	0
LFQ	45	0	0	0	0	0	0	0	0	0	0	0	0	0	0	0	0	0	0	0	0	0	0	0	0	0	0	0	0	0	0	0	0	0	0	0	0	0	0	0	0	0	0	0	0	0	0	0	0	0	0	0	0	0	0	0	0	0	0	0	0	0	0	0	0	0	0	0	0	0	0	0	0	0
LFQ	46	0	0	0	0	0	0	0	0	0	0	0	0	0	0	0	0	0	0	0	0	0	0	0	0	0	0	0	0	0	0	0	0	0	0	0	0	0	0	0	0	0	0	0	0	0	0	0	0	0	0	0	0	0	0	0	0	0	0	0	0	0	0	0	0	0	0	0	0	0	0	0	0	0
LFQ	47	0	0	0	0	0	0	0	0	0	0	0	0	0	0	0	0	0	0	0	0	0	0	0	0	0	0	0	0	0	0	0	0	0	0	0	0	0	0	0	0	0	0	0	0	0	0	0	0	0	0	0	0	0	0	0	0	0	0	0	0	0	0	0	0	0	0	0	0	0	0	0	0	0
LFQ	48	0	0	0	0	0	0	0	0	0	0	0	0	0	0	0	0	0	0	0	0	0	0	0	0	0	0	0	0	0	0	0	0	0	0	0	0	0	0	0	0	0	0	0	0	0	0	0	0	0	0	0	0	0	0	0	0	0	0	0	0	0	0	0	0	0	0	0	0	0	0	0	0	0
LFQ	49	0	0	0	0	0	0	0	0	0	0	0	0	0	0	0	0	0	0	0	0	0	0	0	0	0	0	0	0	0	0	0	0	0	0	0	0	0	0	0	0	0	0	0	0	0	0	0	0	0	0	0	0	0	0	0	0	0	0	0	0	0	0	0	0	0	0	0	0	0	0	0	0	0
LFQ	50	0	0	0	0	0	0	0	0	0	0	0	0	0	0	0	0	0	0	0	0	0	0	0	0	0	0	0	0	0	0	0	0	0	0	0	0	0	0	0	0	0	0	0	0	0	0	0	0	0	0	0	0	0	0	0	0	0	0	0	0	0	0	0	0	0	0	0	0	0	0	0	0	0
LFQ	51	0	0	0	0	0	0	0	0	0	0	0	0	0	0	0	0	0	0	0	0	0	0	0	0	0	0	0	0	0	0	0	0	0	0	0	0	0	0	0	0	0	0	0	0	0	0	0	0	0	0	0	0	0	0	0	0	0	0	0	0	0	0	0	0	0	0	0	0	0	0	0	0	0
LFQ	52	0	0	0	0	0	0	0	0	0	0	0	0	0	0	0	0	0	0	0	0	0	0	0	0	0	0	0	0	0	0	0	0	0	0	0	0	0	0	0	0	0	0	0	0	0	0	0	0	0	0	0	0	0	0	0	0	0	0	0	0	0	0	0	0	0	0	0	0	0	0	0	0	0
LFQ	53	0	0	0	0	0	0	0	0	0	0	0	0	0	0	0	0	0	0	0	0	0	0	0	0	0	0	0	0	0	0	0	0	0	0	0	0	0	0	0	0	0	0	0	0	0	0	0	0	0	0	0	0	0	0	0	0	0	0	0	0	0	0	0	0	0	0	0	0	0	0	0	0	0
LFQ	54	0	0	0	0	0	0	0	0	0	0	0	0	0	0	0	0	0	0	0	0	0	0	0	0	0	0	0	0	0	0	0	0	0	0	0	0	0	0	0	0	0	0	0	0	0	0	0	0	0	0	0	0	0	0	0	0	0	0	0	0	0	0	0	0	0	0	0	0	0	0	0	0	0
LFQ	55	0	0	0	0	0	0	0	0	0	0	0	0	0	0	0	0	0	0	0	0	0	0	0	0	0	0	0	0	0	0	0	0	0	0	0	0	0	0	0	0	0	0	0	0	0	0	0	0	0	0	0	0	0	0	0	0	0	0	0	0	0	0	0	0	0	0	0	0	0	0	0	0	0
LFQ	56	0	0	0	0	0	0	0	0	0	0	0	0	0	0	0	0	0	0	0	0	0	0	0	0	0	0	0	0	0	0	0	0	0	0	0	0	0	0	0	0	0	0	0	0	0	0	0	0	0	0	0	0	0	0	0	0	0	0	0	0	0	0	0	0	0	0	0	0	0	0	0	0	0
LFQ	57	0	0	0	0	0	0	0	0	0	0	0	0	0	0	0	0	0	0	0	0	0	0	0	0	0	0	0	0	0	0	0	0	0	0	0	0	0	0	0	0	0	0	0	0	0	0	0	0	0	0	0	0	0	0	0	0	0	0	0	0	0	0	0	0	0	0	0	0	0	0	0	0	0
LFQ	58	0	0	0	0	0	0	0	0	0	0	0	0	0	0	0	0	0	0	0	0	0	0	0	0	0	0	0	0	0	0	0	0	0	0	0	0	0	0	0	0	0	0	0	0	0	0	0	0	0	0	0	0	0	0	0	0	0	0	0	0	0	0	0	0	0	0	0	0	0	0	0	0	0
LFQ	59	0	0	0	0	0	0	0	0	0	0	0	0	0	0	0	0	0	0	0	0	0	0	0	0	0	0	0	0	0	0	0	0	0	0	0	0	0	0	0	0	0	0	0	0	0	0	0	0	0	0	0	0	0	0	0	0	0	0	0	0	0	0	0	0	0	0	0	0	0	0	0	0	0
LFQ	60	0	0	0	0	0	0	0	0	0	0	0	0	0	0	0	0	0	0	0	0	0	0	0	0	0	0	0	0	0	0	0	0	0	0	0	0	0	0	0	0	0	0	0	0	0	0	0	0	0	0	0	0	0	0	0	0	0	0	0	0	0	0	0	0	0	0	0	0	0	0	0	0	0
LFQ	61	0	0	0	0	0	0	0	0	0	0	0	0	0	0	0	0	0	0	0	0	0	0	0	0	0	0	0	0	0	0	0	0	0	0	0	0	0	0	0	0	0	0	0	0	0	0	0	0	0	0	0	0	0	0	0	0	0	0	0	0	0	0	0	0	0	0	0	0	0	0	0	0	0
LFQ	62	0	0	0	0	0	0	0	0	0	0	0	0	0	0	0	0	0	0	0	0	0	0	0	0	0	0	0	0	0	0	0	0	0	0	0	0	0	0	0	0	0	0	0	0	0	0	0	0	0	0	0	0	0	0	0	0	0	0	0	0	0	0	0	0	0	0	0	0	0	0	0	0	0
LFQ	63	0	0	0	0	0	0	0	0	0	0	0	0	0	0	0	0	0	0	0	0	0	0	0	0	0	0	0	0	0	0	0	0	0	0	0	0	0	0	0	0	0	0	0	0	0	0	0	0	0	0	0	0	0	0	0	0	0	0	0	0	0	0	0	0	0	0	0	0	0	0	0	0	0
LFQ	64	0	0	0	0	0	0	0	0	0	0	0	0	0	0	0	0	0	0	0	0	0	0	0	0	0	0	0	0	0	0	0	0	0	0	0	0	0	0	0	0	0	0	0	0	0	0	0	0	0	0	0	0	0	0	0	0	0	0	0	0	0	0	0	0	0	0	0	0	0	0	0	0	0
LFQ	65	0	0	0	0	0	0	0	0	0	0	0	0	0	0	0	0	0	0	0	0	0	0	0	0	0	0	0	0	0	0	0	0	0	0	0	0	0	0	0	0	0	0	0	0	0	0	0	0	0	0	0	0	0	0	0	0	0	0	0	0	0	0	0	0	0	0	0	0	0	0	0	0	0
LFQ	66	0	0	0	0	0	0	0	0	0	0	0	0	0	0	0	0	0	0	0	0	0	0	0	0	0	0	0	0	0	0	0	0	0	0	0	0	0	0	0	0	0	0	0	0	0	0	0	0	0	0	0	0	0	0	0	0	0	0	0	0	0	0	0	0	0	0	0	0	0	0	0	0	0
LFQ	67	0	0	0	0	0	0	0	0	0	0	0	0	0	0	0	0	0	0	0	0	0	0	0	0	0	0	0	0	0	0	0	0	0	0	0	0	0	0	0	0	0	0	0	0	0	0	0	0	0	0	0	0	0	0	0	0	0	0	0	0	0	0	0	0	0	0	0	0	0	0	0	0	0
LFQ	68	0	0	0	0	0	0	0	0	0	0	0	0	0	0	0	0	0	0	0	0	0	0	0	0	0	0	0	0	0	0	0	0	0	0	0	0	0	0	0	0	0	0	0	0	0	0	0	0	0	0	0	0	0	0	0	0	0	0	0	0	0	0	0	0	0	0	0	0	0	0	0	0	0
LFQ	69	0	0	0	0	0	0	0	0	0	0	0	0	0	0	0	0	0	0	0	0	0	0	0	0	0	0	0	0	0	0	0	0	0	0	0	0	0	0	0	0	0	0	0	0	0	0	0	0	0	0	0	0	0	0	0	0	0	0	0	0	0	0	0	0	0	0	0	0	0	0	0	0	0
LFQ	70	0	0	0	0	0	0	0	0	0	0	0	0	0	0	0	0	0	0	0	0	0	0	0	0	0	0	0	0	0	0	0	0	0	0	0	0	0	0	0	0	0	0	0	0	0	0	0	0	0	0	0	0	0	0	0	0	0	0	0	0	0	0	0	0	0	0	0	0	0	0	0	0	0
LFQ	71	0	0	0	0	0	0	0	0	0	0	0	0	0	0	0	0	0	0	0	0	0	0	0	0	0	0	0	0	0	0	0	0	0	0	0	0	0	0	0	0	0	0	0	0	0	0	0	0	0	0	0	0	0	0	0	0	0	0	0	0	0	0	0	0	0	0	0	0	0	0	0	0	0
LFQ	72	0	0	0	0	0	0	0	0	0	0	0	0	0	0	0	0	0	0	0	0	0	0	0	0	0	0	0	0	0	0	0	0	0	0	0	0	0	0	0	0	0	0	0	0	0	0	0	0	0	0	0	0	0	0	0	0	0	0	0	0	0	0	0	0	0	0	0	0	0	0	0	0	0
LFQ	73	0	0	0	0	0	0	0	0	0	0	0	0	0	0	0	0	0	0	0	0	0	0	0	0	0	0	0	0	0	0	0	0	0	0	0	0	0	0	0	0	0	0	0	0	0	0	0	0	0	0	0	0	0	0	0	0	0	0	0	0	0	0	0	0	0	0	0	0	0	0	0	0	0
LFQ	74	0	0	0	0	0	0	0	0	0	0	0	0	0	0	0	0	0	0	0	0	0	0	0	0	0	0	0	0	0	0	0	0	0	0	0	0	0	0	0	0	0	0	0	0	0	0	0	0	0	0	0	0	0	0	0	0	0	0	0	0	0	0	0	0	0	0	0	0	0	0	0	0	0
LFQ	75	0	0	0	0	0	0	0	0	0	0	0	0	0	0	0	0	0	0	0	0	0	0	0	0	0	0	0	0	0	0	0	0	0	0	0	0	0	0	0	0	0	0	0	0	0	0	0	0	0	0	0	0	0	0	0	0	0	0	0	0	0	0	0	0	0	0	0	0	0	0	0	0	0
LFQ	76	0	0	0	0	0	0	0	0	0	0	0	0	0	0	0	0	0	0	0	0	0	0	0	0	0	0	0	0	0	0	0	0	0	0	0	0	0	0	0	0	0	0	0	0	0	0	0	0	0	0	0	0	0	0	0	0	0	0	0	0	0	0	0	0	0	0	0	0	0	0	0	0	0
LFQ	77	0	0	0	0	0	0	0	0	0	0	0	0	0	0	0	0	0	0	0	0	0	0	0	0	0	0	0	0	0	0	0	0	0	0	0	0	0	0	0	0	0	0	0	0	0	0	0	0	0	0	0	0	0	0	0	0	0	0	0	0	0	0	0	0	0	0	0	0	0	0	0	0	0
LFQ	78	0	0	0	0	0	0	0	0	0	0	0	0	0	0	0	0	0	0	0	0	0	0	0	0	0	0	0	0	0	0	0	0	0	0	0	0	0	0	0	0	0	0	0	0	0	0	0	0	0	0	0	0	0	0	0	0	0	0	0	0	0	0	0	0	0	0	0	0	0	0	0	0	0
LFQ	79	0	0	0	0	0	0	0	0	0	0	0	0	0	0	0	0	0	0	0	0	0	0	0	0	0	0	0	0	0	0	0	0	0	0	0	0	0	0	0	0	0	0	0	0	0	0	0	0	0	0	0	0	0	0	0	0	0	0	0	0	0	0	0	0	0	0	0	0	0	0	0	0	0
LFQ	80	0	0	0	0	0	0	0	0	0	0	0	0	0	0	0	0	0	0	0	0	0	0	0	0	0	0	0	0	0	0	0	0	0	0	0	0	0	0	0	0	0	0	0	0	0	0	0	0	0	0	0	0	0	0	0	0	0	0	0	0	0	0	0	0	0	0	0	0	0	0	0	0	0
LFQ	81	0	0	0	0	0	0	0	0	0	0	0	0	0	0	0	0	0	0	0	0	0	0	0	0	0	0	0	0	0	0	0	0	0	0	0	0	0	0	0	0	0	0	0	0	0	0	0	0	0	0	0	0	0	0	0	0	0	0	0	0	0	0	0	0	0	0	0	0	0	0	0	0	0
LFQ	82	0	0	0	0	0	0	0	0	0	0	0	0	0	0	0	0	0	0	0	0	0	0	0	0	0	0	0	0	0	0	0	0	0	0	0	0	0	0	0	0	0	0	0	0	0	0	0	0	0	0	0	0	0	0	0	0	0	0	0	0	0	0	0	0	0	0	0	0	0	0	0	0	0
LFQ	83	0	0	0	0	0	0	0	0	0	0	0	0	0	0	0	0	0	0	0	0	0	0	0	0	0	0	0	0	0	0	0	0	0	0	0	0	0	0	0	0	0	0	0	0	0	0	0	0	0	0	0	0	0	0	0	0	0	0	0	0	0	0	0	0	0	0	0	0	0	0	0	0	0
LFQ	84	0	0	0	0	0	0	0	0	0	0	0	0	0	0	0	0	0	0	0	0	0	0	0	0	0	0	0	0	0	0	0	0	0	0	0	0	0	0	0	0	0	0	0	0	0	0	0	0	0	0	0	0	0	0	0	0	0	0	0	0	0	0	0	0	0	0	0	0	0	0	0	0	0
LFQ	85	0	0	0	0	0	0	0	0	0	0	0	0	0	0	0	0	0	0	0	0	0	0	0	0	0	0	0	0	0	0	0	0	0	0	0	0	0	0	0	0	0	0	0	0	0	0	0	0	0	0	0	0	0	0	0	0	0	0	0	0	0	0	0	0	0	0	0	0	0	0	0	0	0
# GC Content of first fragments. Use `grep ^GCF | cut -f 2-` to extract this part.
GCF	4.52	0
GCF	9.80	11
GCF	11.06	1
GCF	12.31	0
GCF	13.57	11
GCF	14.57	25
GCF	15.83	5
GCF	17.09	3
GCF	18.09	10
GCF	19.35	48
GCF	20.60	183
GCF	21.86	172
GCF	23.12	381
GCF	24.12	503
GCF	25.38	1208
GCF	26.63	1581
GCF	27.64	2547
GCF	28.89	3813
GCF	30.15	6630
GCF	31.16	8267
GCF	32.41	12340
GCF	33.67	14990
GCF	34.92	18908
GCF	36.18	25015
GCF	37.19	32639
GCF	38.44	40962
GCF	39.70	73124
GCF	40.70	49417
GCF	41.96	50320
GCF	43.22	53258
GCF	44.47	66916
GCF	45.73	58717
GCF	46.73	61081
GCF	47.99	69705
GCF	49.25	79882
GCF	50.25	91356
GCF	51.51	102347
GCF	52.76	93144
GCF	53.77	78538
GCF	55.03	60840
GCF	56.28	53676
GCF	57.54	42425
GCF	58.79	34761
GCF	59.80	28951
GCF	61.06	21938
GCF	62.31	22903
GCF	63.32	13783
GCF	64.57	10446
GCF	65.83	6682
GCF	67.09	4429
GCF	68.34	3277
GCF	69.35	1675
GCF	70.60	932
GCF	71.86	378
GCF	72.86	186
GCF	74.12	102
GCF	75.38	32
GCF	77.14	16
GCF	78.89	4
# GC Content of last fragments. Use `grep ^GCL | cut -f 2-` to extract this part.
# ACGT content per cycle. Use `grep ^GCC | cut -f 2-` to extract this part. The columns are: cycle, and A,C,G,T counts [%]
GCC	1	0.49	0.00	0.00	99.51
GCC	2	0.00	0.49	99.51	0.00
GCC	3	0.00	99.51	0.49	0.00
GCC	4	99.51	0.00	0.00	0.49
GCC	5	0.00	0.49	99.51	0.00
GCC	6	0.00	0.49	99.51	0.00
GCC	7	31.85	23.29	20.32	24.54
GCC	8	28.99	18.67	21.77	30.57
GCC	9	21.57	25.38	27.88	25.17
GCC	10	29.76	16.96	28.27	25.01
GCC	11	25.58	20.25	25.90	28.27
GCC	12	25.02	24.74	23.49	26.75
GCC	13	34.63	22.21	19.44	23.72
GCC	14	19.64	26.80	21.14	32.43
GCC	15	28.28	24.34	25.94	21.44
GCC	16	32.52	18.91	22.56	26.01
GCC	17	23.20	29.24	24.91	22.65
GCC	18	33.05	22.57	24.48	19.90
GCC	19	24.52	21.41	18.69	35.37
GCC	20	23.54	21.09	32.96	22.42
GCC	21	31.97	22.75	22.01	23.27
GCC	22	24.88	26.20	23.88	25.04
GCC	23	23.54	24.96	30.03	21.47
GCC	24	25.83	26.53	27.07	20.57
GCC	25	30.09	21.55	19.37	28.98
GCC	26	24.02	24.24	27.46	24.28
GCC	27	23.16	22.76	27.90	26.19
GCC	28	35.64	18.79	19.06	26.50
GCC	29	23.51	21.30	31.25	23.94
GCC	30	24.88	22.92	28.05	24.15
GCC	31	34.44	18.06	23.32	24.18
GCC	32	26.91	18.79	21.62	32.68
GCC	33	25.43	19.91	30.90	23.76
GCC	34	30.99	18.49	22.17	28.35
GCC	35	23.16	29.55	24.09	23.21
GCC	36	29.82	19.89	21.78	28.51
GCC	37	30.73	19.23	23.31	26.73
GCC	38	23.75	26.83	23.18	26.23
GCC	39	22.94	28.86	25.52	22.68
GCC	40	25.30	25.64	20.95	28.11
GCC	41	23.63	24.30	23.97	28.10
GCC	42	29.03	22.32	26.31	22.34
GCC	43	23.62	27.85	21.81	26.71
GCC	44	28.20	28.45	19.53	23.81
GCC	45	32.73	21.89	21.48	23.90
GCC	46	26.75	23.70	22.55	27.00
GCC	47	23.12	26.13	25.36	25.39
GCC	48	24.71	29.25	23.45	22.59
GCC	49	34.34	21.86	18.49	25.31
GCC	50	25.04	24.46	23.34	27.17
GCC	51	29.86	22.80	20.93	26.40
GCC	52	25.36	24.01	25.63	25.00
GCC	53	26.64	22.50	22.25	28.60
GCC	54	26.27	20.67	26.85	26.20
GCC	55	28.70	24.06	20.81	26.42
GCC	56	23.18	22.29	21.70	32.83
GCC	57	24.83	23.39	25.83	25.95
GCC	58	29.08	20.10	25.96	24.85
GCC	59	22.79	24.87	25.71	26.63
GCC	60	30.37	20.98	21.71	26.93
GCC	61	26.64	24.56	19.86	28.93
GCC	62	25.85	22.86	20.23	31.06
GCC	63	24.46	21.80	27.95	25.79
GCC	64	24.13	23.14	21.54	31.19
GCC	65	23.58	27.02	24.12	25.28
GCC	66	27.88	22.16	20.99	28.96
GCC	67	25.85	22.78	27.87	23.49
GCC	68	26.53	25.10	21.62	26.76
GCC	69	28.98	20.96	25.76	24.29
GCC	70	31.44	20.65	19.62	28.29
GCC	71	23.73	22.23	24.14	29.91
GCC	72	26.94	22.29	24.58	26.19
GCC	73	28.44	24.16	19.35	28.05
GCC	74	23.06	28.79	21.18	26.97
GCC	75	26.88	25.62	22.64	24.85
GCC	76	29.22	20.02	21.90	28.85
GCC	77	23.95	25.12	27.25	23.69
GCC	78	28.84	26.35	20.04	24.77
GCC	79	35.74	19.83	20.50	23.92
GCC	80	31.14	19.65	23.41	25.80
GCC	81	27.60	23.81	24.86	23.73
GCC	82	30.95	20.34	20.42	28.29
GCC	83	23.23	27.69	24.36	24.72
GCC	84	29.95	21.60	22.05	26.41
# Insert sizes. Use `grep ^IS | cut -f 2-` to extract this part. The columns are: pairs total, inward oriented pairs, outward oriented pairs, other pairs
# Read lengths. Use `grep ^RL | cut -f 2-` to extract this part. The columns are: read length, count
RL	84	1405510
# Indel distribution. Use `grep ^ID | cut -f 2-` to extract this part. The columns are: length, number of insertions, number of deletions
ID	1	89729	13891
ID	2	37519	2482
ID	3	26223	269
ID	4	11413	93
ID	5	10897	7
ID	6	5101	13
ID	7	2033	0
ID	8	2173	0
ID	9	1326	0
ID	10	563	0
ID	11	505	0
ID	12	687	0
ID	13	151	0
ID	14	39	0
ID	15	36	0
# Indels per cycle. Use `grep ^IC | cut -f 2-` to extract this part. The columns are: cycle, number of insertions (fwd), .. (rev) , number of deletions (fwd), .. (rev)
IC	2	0	17	0	0
IC	3	0	34	0	0
IC	4	0	162	0	74
IC	5	0	2506	0	18
IC	6	0	723	0	171
IC	7	0	2056	0	165
IC	8	0	2105	0	40
IC	9	0	1830	0	256
IC	10	0	753	0	76
IC	11	0	2076	0	157
IC	12	0	1768	0	243
IC	13	0	2987	0	140
IC	14	0	1943	0	264
IC	15	0	2787	0	107
IC	16	0	1584	0	156
IC	17	0	2239	0	512
IC	18	0	5780	0	212
IC	19	0	2350	0	138
IC	20	0	3453	0	188
IC	21	0	2717	0	205
IC	22	0	2600	0	236
IC	23	0	1232	0	64
IC	24	0	2110	0	175
IC	25	0	978	0	194
IC	26	0	3089	0	1991
IC	27	0	2892	0	414
IC	28	0	1876	0	82
IC	29	0	2859	0	114
IC	30	0	1061	0	243
IC	31	0	1219	0	459
IC	32	0	1559	0	108
IC	33	0	1505	0	342
IC	34	0	3394	0	188
IC	35	0	1496	0	143
IC	36	0	1832	0	58
IC	37	0	1676	0	94
IC	38	0	1224	0	145
IC	39	0	1791	0	202
IC	40	0	1592	0	123
IC	41	0	1058	0	47
IC	42	0	920	0	59
IC	43	0	2481	0	169
IC	44	0	1215	0	147
IC	45	0	1318	0	244
IC	46	0	2305	0	75
IC	47	0	1220	0	212
IC	48	0	1001	0	111
IC	49	0	1160	0	508
IC	50	0	955	0	224
IC	51	0	1271	0	221
IC	52	0	1083	0	177
IC	53	0	3688	0	252
IC	54	0	1158	0	119
IC	55	0	1407	0	196
IC	56	0	925	0	588
IC	57	0	1663	0	121
IC	58	0	1592	0	69
IC	59	0	747	0	32
IC	60	0	829	0	84
IC	61	0	2750	0	165
IC	62	0	2079	0	98
IC	63	0	995	0	102
IC	64	0	2604	0	150
IC	65	0	1516	0	240
IC	66	0	1776	0	171
IC	67	0	2583	0	154
IC	68	0	2856	0	237
IC	69	0	3205	0	269
IC	70	0	4344	0	411
IC	71	0	3225	0	294
IC	72	0	2606	0	385
IC	73	0	5083	0	210
IC	74	0	4634	0	387
IC	75	0	4747	0	200
IC	76	0	8602	0	205
IC	77	0	6062	0	168
IC	78	0	7567	0	212
IC	79	0	10144	0	216
IC	80	0	7138	0	329
IC	81	0	28	0	0
# Coverage distribution. Use `grep ^COV | cut -f 2-` to extract this part.
COV	[1-1]	1	173406
COV	[2-2]	2	171292
COV	[3-3]	3	562928
COV	[4-4]	4	394563
COV	[5-5]	5	308958
COV	[6-6]	6	277170
COV	[7-7]	7	271280
COV	[8-8]	8	281019
COV	[9-9]	9	273611
COV	[10-10]	10	282219
COV	[11-11]	11	293411
COV	[12-12]	12	288812
COV	[13-13]	13	295691
COV	[14-14]	14	283396
COV	[15-15]	15	277886
COV	[16-16]	16	255947
COV	[17-17]	17	240395
COV	[18-18]	18	227316
COV	[19-19]	19	202091
COV	[20-20]	20	178430
COV	[21-21]	21	169332
COV	[22-22]	22	145410
COV	[23-23]	23	132294
COV	[24-24]	24	121465
COV	[25-25]	25	102563
COV	[26-26]	26	90313
COV	[27-27]	27	79130
COV	[28-28]	28	66033
COV	[29-29]	29	59982
COV	[30-30]	30	47122
COV	[31-31]	31	45448
COV	[32-32]	32	39630
COV	[33-33]	33	33017
COV	[34-34]	34	27217
COV	[35-35]	35	23095
COV	[36-36]	36	19486
COV	[37-37]	37	20254
COV	[38-38]	38	15272
COV	[39-39]	39	14108
COV	[40-40]	40	13108
COV	[41-41]	41	11599
COV	[42-42]	42	11522
COV	[43-43]	43	9234
COV	[44-44]	44	10750
COV	[45-45]	45	8576
COV	[46-46]	46	7217
COV	[47-47]	47	6798
COV	[48-48]	48	6048
COV	[49-49]	49	4956
COV	[50-50]	50	4957
COV	[51-51]	51	5292
COV	[52-52]	52	3026
COV	[53-53]	53	4618
COV	[54-54]	54	3102
COV	[55-55]	55	2436
COV	[56-56]	56	3025
COV	[57-57]	57	2604
COV	[58-58]	58	1934
COV	[59-59]	59	3274
COV	[60-60]	60	2436
COV	[61-61]	61	2772
COV	[62-62]	62	2099
COV	[63-63]	63	1260
COV	[64-64]	64	2524
COV	[65-65]	65	2100
COV	[66-66]	66	1932
COV	[67-67]	67	1594
COV	[68-68]	68	1262
COV	[69-69]	69	2182
COV	[70-70]	70	1929
COV	[71-71]	71	1597
COV	[72-72]	72	1430
COV	[73-73]	73	2100
COV	[74-74]	74	1594
COV	[75-75]	75	1596
COV	[76-76]	76	1179
COV	[77-77]	77	1256
COV	[78-78]	78	756
COV	[79-79]	79	588
COV	[80-80]	80	672
COV	[81-81]	81	1010
COV	[82-82]	82	840
COV	[83-83]	83	504
COV	[84-84]	84	509
COV	[85-85]	85	499
COV	[86-86]	86	336
COV	[87-87]	87	1262
COV	[88-88]	88	1094
COV	[89-89]	89	673
COV	[90-90]	90	670
COV	[91-91]	91	753
COV	[92-92]	92	842
COV	[93-93]	93	838
COV	[94-94]	94	924
COV	[95-95]	95	1094
COV	[96-96]	96	420
COV	[97-97]	97	672
COV	[98-98]	98	762
COV	[99-99]	99	756
COV	[100-100]	100	670
COV	[101-101]	101	590
COV	[102-102]	102	670
COV	[103-103]	103	675
COV	[104-104]	104	503
COV	[105-105]	105	504
COV	[106-106]	106	421
COV	[107-107]	107	837
COV	[108-108]	108	421
COV	[109-109]	109	588
COV	[110-110]	110	252
COV	[111-111]	111	420
COV	[112-112]	112	504
COV	[113-113]	113	834
COV	[114-114]	114	588
COV	[115-115]	115	504
COV	[116-116]	116	84
COV	[117-117]	117	252
COV	[118-118]	118	672
COV	[119-119]	119	252
COV	[120-120]	120	504
COV	[121-121]	121	504
COV	[122-122]	122	168
COV	[123-123]	123	504
COV	[124-124]	124	252
COV	[125-125]	125	336
COV	[126-126]	126	505
COV	[127-127]	127	504
COV	[128-128]	128	252
COV	[129-129]	129	253
COV	[130-130]	130	334
COV	[132-132]	132	598
COV	[133-133]	133	336
COV	[134-134]	134	340
COV	[135-135]	135	588
COV	[136-136]	136	248
COV	[137-137]	137	169
COV	[138-138]	138	426
COV	[139-139]	139	252
COV	[140-140]	140	168
COV	[141-141]	141	252
COV	[142-142]	142	420
COV	[143-143]	143	336
COV	[144-144]	144	252
COV	[145-145]	145	168
COV	[146-146]	146	252
COV	[147-147]	147	252
COV	[148-148]	148	426
COV	[149-149]	149	414
COV	[150-150]	150	420
COV	[151-151]	151	498
COV	[152-152]	152	336
COV	[153-153]	153	420
COV	[155-155]	155	84
COV	[156-156]	156	168
COV	[157-157]	157	336
COV	[159-159]	159	169
COV	[160-160]	160	168
COV	[161-161]	161	168
COV	[162-162]	162	504
COV	[163-163]	163	250
COV	[164-164]	164	252
COV	[165-165]	165	420
COV	[166-166]	166	84
COV	[167-167]	167	84
COV	[168-168]	168	168
COV	[169-169]	169	84
COV	[170-170]	170	336
COV	[171-171]	171	420
COV	[172-172]	172	84
COV	[173-173]	173	252
COV	[174-174]	174	254
COV	[175-175]	175	164
COV	[176-176]	176	168
COV	[177-177]	177	168
COV	[178-178]	178	84
COV	[179-179]	179	84
COV	[180-180]	180	252
COV	[181-181]	181	168
COV	[183-183]	183	84
COV	[184-184]	184	84
COV	[185-185]	185	420
COV	[186-186]	186	336
COV	[187-187]	187	168
COV	[188-188]	188	252
COV	[189-189]	189	168
COV	[190-190]	190	168
COV	[191-191]	191	168
COV	[192-192]	192	84
COV	[193-193]	193	84
COV	[194-194]	194	84
COV	[195-195]	195	86
COV	[196-196]	196	84
COV	[197-197]	197	2
COV	[198-198]	198	10
COV	[199-199]	199	252
COV	[200-200]	200	84
COV	[201-201]	201	86
COV	[202-202]	202	84
COV	[203-203]	203	84
COV	[204-204]	204	252
COV	[205-205]	205	85
COV	[206-206]	206	252
COV	[207-207]	207	84
COV	[208-208]	208	85
COV	[209-209]	209	166
COV	[210-210]	210	84
COV	[212-212]	212	338
COV	[213-213]	213	252
COV	[214-214]	214	84
COV	[215-215]	215	84
COV	[216-216]	216	84
COV	[218-218]	218	336
COV	[220-220]	220	168
COV	[222-222]	222	168
COV	[223-223]	223	252
COV	[224-224]	224	84
COV	[225-225]	225	84
COV	[226-226]	226	84
COV	[227-227]	227	84
COV	[229-229]	229	84
COV	[230-230]	230	168
COV	[231-231]	231	84
COV	[232-232]	232	252
COV	[233-233]	233	252
COV	[234-234]	234	168
COV	[237-237]	237	84
COV	[239-239]	239	2
COV	[240-240]	240	84
COV	[241-241]	241	84
COV	[242-242]	242	84
COV	[244-244]	244	84
COV	[245-245]	245	84
COV	[246-246]	246	84
COV	[248-248]	248	168
COV	[249-249]	249	84
COV	[251-251]	251	168
COV	[252-252]	252	6
COV	[253-253]	253	168
COV	[254-254]	254	84
COV	[255-255]	255	168
COV	[256-256]	256	82
COV	[257-257]	257	169
COV	[258-258]	258	84
COV	[260-260]	260	251
COV	[261-261]	261	84
COV	[263-263]	263	336
COV	[264-264]	264	84
COV	[265-265]	265	168
COV	[267-267]	267	84
COV	[268-268]	268	336
COV	[270-270]	270	84
COV	[273-273]	273	84
COV	[274-274]	274	84
COV	[275-275]	275	84
COV	[276-276]	276	84
COV	[279-279]	279	78
COV	[280-280]	280	84
COV	[282-282]	282	84
COV	[283-283]	283	84
COV	[284-284]	284	84
COV	[286-286]	286	84
COV	[288-288]	288	84
COV	[289-289]	289	169
COV	[291-291]	291	84
COV	[292-292]	292	84
COV	[295-295]	295	1
COV	[296-296]	296	1
COV	[297-297]	297	81
COV	[299-299]	299	84
COV	[300-300]	300	84
COV	[303-303]	303	84
COV	[304-304]	304	84
COV	[308-308]	308	84
COV	[310-310]	310	252
COV	[311-311]	311	84
COV	[313-313]	313	84
COV	[314-314]	314	84
COV	[316-316]	316	84
COV	[317-317]	317	168
COV	[320-320]	320	168
COV	[323-323]	323	168
COV	[325-325]	325	84
COV	[326-326]	326	84
COV	[327-327]	327	84
COV	[328-328]	328	84
COV	[330-330]	330	74
COV	[335-335]	335	84
COV	[336-336]	336	168
COV	[337-337]	337	84
COV	[339-339]	339	84
COV	[343-343]	343	84
COV	[348-348]	348	252
COV	[352-352]	352	84
COV	[356-356]	356	84
COV	[359-359]	359	84
COV	[361-361]	361	84
COV	[362-362]	362	168
COV	[363-363]	363	84
COV	[365-365]	365	84
COV	[370-370]	370	84
COV	[373-373]	373	1
COV	[374-374]	374	84
COV	[381-381]	381	84
COV	[384-384]	384	84
COV	[386-386]	386	84
COV	[388-388]	388	84
COV	[392-392]	392	166
COV	[393-393]	393	84
COV	[394-394]	394	168
COV	[397-397]	397	84
COV	[403-403]	403	84
COV	[407-407]	407	168
COV	[408-408]	408	84
COV	[411-411]	411	84
COV	[412-412]	412	84
COV	[413-413]	413	168
COV	[414-414]	414	84
COV	[416-416]	416	84
COV	[417-417]	417	168
COV	[420-420]	420	84
COV	[421-421]	421	84
COV	[422-422]	422	84
COV	[427-427]	427	84
COV	[430-430]	430	84
COV	[432-432]	432	84
COV	[434-434]	434	84
COV	[438-438]	438	252
COV	[439-439]	439	84
COV	[440-440]	440	165
COV	[447-447]	447	84
COV	[448-448]	448	84
COV	[449-449]	449	84
COV	[450-450]	450	84
COV	[457-457]	457	168
COV	[468-468]	468	84
COV	[469-469]	469	84
COV	[471-471]	471	84
COV	[474-474]	474	84
COV	[476-476]	476	84
COV	[478-478]	478	84
COV	[482-482]	482	84
COV	[492-492]	492	168
COV	[493-493]	493	84
COV	[500-500]	500	84
COV	[511-511]	511	84
COV	[513-513]	513	84
COV	[514-514]	514	84
COV	[516-516]	516	84
COV	[529-529]	529	6
COV	[531-531]	531	78
COV	[538-538]	538	84
COV	[546-546]	546	84
COV	[548-548]	548	84
COV	[549-549]	549	7
COV	[553-553]	553	84
COV	[557-557]	557	1
COV	[558-558]	558	84
COV	[560-560]	560	84
COV	[561-561]	561	84
COV	[565-565]	565	78
COV	[567-567]	567	84
COV	[569-569]	569	84
COV	[574-574]	574	84
COV	[575-575]	575	1
COV	[577-577]	577	3
COV	[578-578]	578	162
COV	[588-588]	588	84
COV	[589-589]	589	84
COV	[591-591]	591	84
COV	[601-601]	601	84
COV	[602-602]	602	84
COV	[608-608]	608	84
COV	[617-617]	617	84
COV	[628-628]	628	168
COV	[646-646]	646	84
COV	[659-659]	659	84
COV	[662-662]	662	84
COV	[669-669]	669	84
COV	[679-679]	679	84
COV	[688-688]	688	84
COV	[693-693]	693	84
COV	[710-710]	710	84
COV	[712-712]	712	84
COV	[717-717]	717	84
COV	[724-724]	724	84
COV	[762-762]	762	84
COV	[810-810]	810	84
COV	[838-838]	838	84
COV	[840-840]	840	84
COV	[851-851]	851	84
COV	[856-856]	856	84
COV	[885-885]	885	84
COV	[891-891]	891	84
COV	[931-931]	931	84
COV	[934-934]	934	84
COV	[961-961]	961	84
COV	[989-989]	989	84
COV	[994-994]	994	84
COV	[1005-1005]	1005	84
COV	[1007-1007]	1007	84
COV	[1010-1010]	1010	84
COV	[1055-1055]	1055	84
COV	[1082-1082]	1082	84
COV	[1220-1220]	1220	84
COV	[1234-1234]	1234	84
COV	[1263-1263]	1263	84
COV	[1267-1267]	1267	84
COV	[1271-1271]	1271	84
COV	[1444-1444]	1444	84
COV	[1503-1503]	1503	84
COV	[1575-1575]	1575	84
COV	[1577-1577]	1577	84
COV	[1612-1612]	1612	1
COV	[1651-1651]	1651	1
COV	[1670-1670]	1670	1
COV	[1682-1682]	1682	1
COV	[1683-1683]	1683	3
COV	[1689-1689]	1689	77
COV	[1716-1716]	1716	84
COV	[1927-1927]	1927	84
COV	[2000<]	2000	1260
# GC-depth. Use `grep ^GCD | cut -f 2-` to extract this part. The columns are: GC%, unique sequence percentiles, 10th, 25th, 50th, 75th and 90th depth percentile
GCD	0.0	0.002	0.000	0.000	0.000	0.000	0.000
GCD	0.9	0.004	0.008	0.008	0.008	0.008	0.008
GCD	10.0	0.005	0.050	0.050	0.050	0.050	0.050
GCD	13.0	0.006	0.046	0.046	0.046	0.046	0.046
GCD	14.0	0.007	0.097	0.097	0.097	0.097	0.097
GCD	15.0	0.010	0.008	0.008	0.008	0.021	0.021
GCD	17.0	0.011	0.013	0.013	0.013	0.013	0.013
GCD	18.0	0.013	0.017	0.017	0.017	0.025	0.025
GCD	19.0	0.022	0.008	0.013	0.013	0.046	0.055
GCD	20.0	0.047	0.004	0.021	0.034	0.046	0.071
GCD	21.0	0.065	0.004	0.017	0.025	0.042	0.071
GCD	22.0	0.073	0.017	0.021	0.034	0.067	0.080
GCD	23.0	0.107	0.013	0.025	0.063	0.067	0.122
GCD	24.0	0.162	0.004	0.013	0.034	0.067	0.088
GCD	25.0	0.280	0.008	0.021	0.050	0.071	0.088
GCD	26.0	0.425	0.013	0.021	0.050	0.076	0.101
GCD	27.0	0.621	0.013	0.025	0.050	0.080	0.105
GCD	28.0	0.670	0.021	0.038	0.067	0.084	0.139
GCD	29.0	1.014	0.013	0.025	0.050	0.080	0.105
GCD	30.0	1.523	0.013	0.029	0.059	0.080	0.113
GCD	31.0	2.158	0.013	0.034	0.059	0.084	0.105
GCD	32.0	3.037	0.013	0.034	0.055	0.084	0.109
GCD	33.0	4.095	0.013	0.034	0.059	0.084	0.109
GCD	34.0	4.403	0.025	0.046	0.067	0.097	0.126
GCD	35.0	5.735	0.013	0.029	0.055	0.084	0.109
GCD	36.0	7.508	0.017	0.034	0.059	0.088	0.122
GCD	37.0	9.662	0.017	0.034	0.059	0.084	0.113
GCD	38.0	12.151	0.017	0.034	0.059	0.088	0.118
GCD	39.0	15.045	0.013	0.034	0.059	0.088	0.118
GCD	40.0	17.701	0.013	0.025	0.055	0.080	0.113
GCD	41.0	18.962	0.025	0.046	0.076	0.105	0.143
GCD	42.0	22.493	0.013	0.029	0.059	0.084	0.113
GCD	43.0	26.359	0.013	0.029	0.059	0.084	0.109
GCD	44.0	30.567	0.013	0.029	0.059	0.084	0.118
GCD	45.0	34.923	0.013	0.025	0.055	0.080	0.109
GCD	46.0	39.047	0.013	0.021	0.050	0.080	0.109
GCD	47.0	40.752	0.021	0.038	0.059	0.088	0.122
GCD	48.0	45.836	0.013	0.025	0.055	0.080	0.109
GCD	49.0	51.386	0.013	0.025	0.050	0.080	0.113
GCD	50.0	57.034	0.013	0.025	0.050	0.084	0.126
GCD	51.0	62.733	0.013	0.025	0.055	0.084	0.130
GCD	52.0	67.829	0.013	0.021	0.050	0.084	0.126
GCD	53.0	69.885	0.021	0.029	0.055	0.097	0.155
GCD	54.0	74.464	0.013	0.021	0.046	0.076	0.109
GCD	55.0	78.724	0.013	0.021	0.046	0.076	0.105
GCD	56.0	82.640	0.013	0.021	0.046	0.071	0.105
GCD	57.0	85.985	0.013	0.021	0.046	0.071	0.101
GCD	58.0	88.733	0.013	0.025	0.046	0.071	0.101
GCD	59.0	89.787	0.017	0.029	0.046	0.076	0.109
GCD	60.0	92.099	0.013	0.021	0.042	0.063	0.092
GCD	61.0	93.949	0.013	0.021	0.042	0.063	0.092
GCD	62.0	95.600	0.013	0.025	0.042	0.063	0.088
GCD	63.0	96.821	0.013	0.025	0.038	0.059	0.080
GCD	64.0	97.766	0.013	0.021	0.038	0.059	0.080
GCD	65.0	98.434	0.013	0.021	0.034	0.055	0.076
GCD	66.0	98.766	0.017	0.025	0.042	0.063	0.084
GCD	67.0	99.245	0.013	0.021	0.034	0.050	0.067
GCD	68.0	99.536	0.013	0.017	0.029	0.050	0.067
GCD	69.0	99.733	0.013	0.017	0.029	0.046	0.071
GCD	70.0	99.859	0.013	0.021	0.029	0.042	0.055
GCD	71.0	99.915	0.008	0.013	0.021	0.034	0.050
GCD	72.0	99.937	0.013	0.017	0.029	0.050	0.071
GCD	73.0	99.970	0.004	0.008	0.017	0.025	0.067
GCD	74.0	99.994	0.004	0.008	0.017	0.021	0.038
GCD	75.0	99.995	0.025	0.025	0.025	0.025	0.025
GCD	76.0	99.998	0.013	0.013	0.013	0.021	0.021
GCD	77.0	99.999	0.013	0.013	0.013	0.013	0.013
GCD	78.0	100.000	0.025	0.025	0.025	0.025	0.025
