Output from LD method v.2
Starting time: Wed Jun 24 15:59:38 2015
Input File: "mapped_non_paralogs.gen.txt"

Chromosomes, followed by a colon and the number of loci in Genotype Input File:
       1:   309,       2:   230,       3:   145,       4:   260,       5:    75,
       6:   177,       7:   163,       8:   145,       9:   176,      10:   224,
      11:   154,      12:   186,      13:   169,      14:   253,      15:   134,
      16:    54,      17:   199,      18:   151,      19:   267,      20:   154,
      21:   152,      22:   176,      23:   164,      24:   157,      25:   141,
      26:   189,      27:   119,      28:   254,      29:   217,      30:   176,
      31:    61,      32:   115,      33:   106,      34:   224,      35:   203,
      36:   102,      37:    70
Number of loci seen in genotype and [chromosomes/loci] files: 6251
Each pair of loci are taken in distinct chromosomes.
Maximum number of locus pairs = 18945147

Number of Loci = 6251

Non-polymorphic loci:    15,   120,   131,   232,   238,   246,   273,   316,
          333,   365,   368,   378,   381,   387,   388,   392,   419,   436,
          459,   600,   631,   649,   676,   684,   691,   707,   720,   730,
          757,   772,   778,   802,   835,   839,   858,   861,   874,   880,
          899,   907,   954,   961,   965,   968,   976,   990,   991,  1031,
         1088,  1094,  1130,  1158,  1183,  1195,  1228,  1242,  1284,  1295,
         1308,  1314,  1327,  1342,  1387,  1392,  1422,  1445,  1446,  1466,
         1492,  1502,  1588,  1624,  1636,  1644,  1661,  1784,  1862,  1882,
         1892,  1894,  1933,  1943,  2012,  2016,  2037,  2038,  2060,  2099,
         2108,  2114,  2115,  2116,  2143,  2175,  2199,  2201,  2255,  2257,
         2258,  2285,  2304,  2322,  2359,  2385,  2397,  2405,  2406,  2412,
         2420,  2435,  2471,  2472,  2493,  2499,  2514,  2528,  2538,  2577,
         2582,  2588,  2590,  2636,  2640,  2648,  2656,  2660,  2677,  2684,
         2725,  2727,  2779,  2825,  2830,  2862,  2877,  2880,  2930,  2999,
         3031,  3039,  3040,  3051,  3060,  3106,  3111,  3132,  3152,  3248,
         3250,  3270,  3295,  3324,  3337,  3351,  3358,  3371,  3378,  3397,
         3398,  3424,  3482,  3491,  3493,  3517,  3522,  3534,  3543,  3557,
         3584,  3590,  3594,  3604,  3630,  3633,  3640,  3642,  3676,  3706,
         3726,  3738,  3773,  3781,  3806,  3813,  3910,  3943,  3982,  4010,
         4020,  4021,  4025,  4031,  4049,  4067,  4083,  4111,  4169,  4197,
         4231,  4237,  4239,  4292,  4355,  4372,  4385,  4429,  4448,  4466,
         4531,  4547,  4570,  4596,  4601,  4602,  4609,  4626,  4657,  4667,
         4676,  4712,  4785,  4899,  4929,  4931,  4969,  4987,  5011,  5026,
         5055,  5123,  5219,  5228,  5237,  5284,  5286,  5403,  5426,  5440,
         5475,  5487,  5517,  5546,  5559,  5571,  5587,  5665,  5684,  5696,
         5698,  5757,  5845,  5866,  5868,  5901,  5905,  5932,  5941,  5942,
         5949,  5951,  5964,  5979,  6004,  6018,  6039,  6047,  6064,  6071,
         6132,  6144,  6182,  6198,  6212,  6227,  6234
Total non-polymorphic = 275

Mating model: Random

Population     1 [CMHAMM10_0002]  (Number of Individuals = 20)
****************
--------------------------------------------------------------
Lowest Allele Frequency Used     0.100       0.050         0+   
--------------------------------------------------------------
Harmonic Mean Sample Size =       14.8        14.9        14.9
Independent Comparisons =   11650091    14963335    17041976
OverAll r^2 =                  0.07985     0.07938     0.07938
Expected r^2 Sample =          0.07894     0.07856     0.07870
Estimated Ne^ =                  339.4       373.7       454.2

95% CIs for Ne^
* Parametric                     316.5       349.4       420.9
                                 365.8       401.7       493.3

* CIs by Jackknife are skipped when number of polymorphic loci > 100

**************************************************************

Time: Wed Jun 24 16:01:57 2015

Non-polymorphic loci:    29,    55,   129,   143,   173,   189,   196,   210,
          270,   322,   342,   365,   381,   486,   529,   567,   600,   615,
          631,   659,   668,   726,   746,   778,   802,   851,   889,   995,
          998,  1117,  1119,  1150,  1163,  1208,  1212,  1217,  1228,  1328,
         1351,  1383,  1397,  1471,  1492,  1569,  1577,  1579,  1666,  1711,
         1740,  1842,  1862,  1918,  1943,  2115,  2179,  2254,  2306,  2344,
         2408,  2423,  2425,  2536,  2684,  2746,  2747,  2815,  2880,  2949,
         2950,  2957,  2970,  3050,  3054,  3060,  3147,  3200,  3203,  3219,
         3221,  3274,  3295,  3324,  3397,  3406,  3424,  3459,  3472,  3483,
         3513,  3522,  3584,  3629,  3635,  3735,  3781,  3856,  3888,  3957,
         3987,  4002,  4020,  4021,  4156,  4248,  4281,  4286,  4550,  4584,
         4631,  4770,  4792,  4815,  4862,  4929,  4955,  4962,  4984,  5004,
         5061,  5100,  5120,  5128,  5138,  5189,  5219,  5280,  5298,  5451,
         5458,  5515,  5634,  5684,  5692,  5698,  5701,  5803,  5813,  5898,
         5925,  5946,  5947,  5968,  5977,  5988,  6058,  6085,  6136,  6139,
         6167,  6239
Total non-polymorphic = 150


Population     2 [CMKALA03_0004]  (Number of Individuals = 17)
****************
--------------------------------------------------------------
Lowest Allele Frequency Used     0.100       0.050         0+   
--------------------------------------------------------------
Harmonic Mean Sample Size =       15.9        15.9        15.9
Independent Comparisons =   13453691    16608598    18000378
OverAll r^2 =                  0.07748     0.07713     0.07699
Expected r^2 Sample =          0.07560     0.07541     0.07541
Estimated Ne^ =                  161.6       177.1       193.3

95% CIs for Ne^
* Parametric                     156.7       171.8       187.2
                                 166.8       182.7       199.7

* CIs by Jackknife are skipped when number of polymorphic loci > 100

**************************************************************

Time: Wed Jun 24 16:04:06 2015

Non-polymorphic loci:    29,   529,   902,   965,  1228,  1407,  1496,  1740,
         1783,  2259,  2335,  2344,  2395,  2971,  2999,  3168,  3183,  3351,
         3416,  3676,  3703,  3749,  3754,  3781,  3944,  3949,  4237,  4447,
         4521,  4550,  4626,  4665,  4684,  4730,  4770,  5070,  5179,  5218,
         5280,  5284,  5475,  5716,  5817,  5942
Total non-polymorphic = 44


Population     3 [CMLILLIW11_0011]  (Number of Individuals = 20)
****************
--------------------------------------------------------------
Lowest Allele Frequency Used     0.100       0.050         0+   
--------------------------------------------------------------
Harmonic Mean Sample Size =       19.4        19.4        19.4
Independent Comparisons =   15568519    17903918    18666308
OverAll r^2 =                  0.06016     0.06018     0.06017
Expected r^2 Sample =          0.06011     0.06012     0.06012
Estimated Ne^ =                 5959.0      4869.4      5761.3

95% CIs for Ne^
* Parametric                    3276.5      2998.1      3343.6
                               32651.6     12922.8     20724.8

* CIs by Jackknife are skipped when number of polymorphic loci > 100

**************************************************************

Time: Wed Jun 24 16:06:39 2015

Non-polymorphic loci:   195,   270,   532,  1416,  1527,  1559,  1877,  2060,
         3749,  3915,  3949,  4020,  4081,  4114,  4950,  5044,  5417,  5498,
         5544,  5723,  6188
Total non-polymorphic = 21


Population     4 [CMSHERW94F_0010]  (Number of Individuals = 32)
****************
--------------------------------------------------------------
Lowest Allele Frequency Used     0.100       0.050         0+   
--------------------------------------------------------------
Harmonic Mean Sample Size =       29.3        29.3        29.3
Independent Comparisons =   14602034    17367566    18803204
OverAll r^2 =                  0.03843     0.03840     0.03836
Expected r^2 Sample =          0.03747     0.03747     0.03745
Estimated Ne^ =                  319.9       327.6       336.9

95% CIs for Ne^
* Parametric                     310.8       318.8       328.0
                                 329.5       336.8       346.3

* CIs by Jackknife are skipped when number of polymorphic loci > 100

**************************************************************

Time: Wed Jun 24 16:10:25 2015

Non-polymorphic loci:   120,   381,   441,   532,  1084,  1294,  1295,  1962,
         2583,  2697,  2738,  2910,  3017,  3441,  3652,  3987,  4342,  4355,
         4448,  4529,  4705,  4987,  5280,  5470,  5487,  5515,  5571,  5987,
         6020
Total non-polymorphic = 29


Population     5 [CMSHERW94S_0001]  (Number of Individuals = 31)
****************
--------------------------------------------------------------
Lowest Allele Frequency Used     0.100       0.050         0+   
--------------------------------------------------------------
Harmonic Mean Sample Size =       25.4        25.4        25.4
Independent Comparisons =   14243758    17186752    18715976
OverAll r^2 =                  0.04537     0.04528     0.04520
Expected r^2 Sample =          0.04328     0.04326     0.04327
Estimated Ne^ =                  145.2       150.3       157.5

95% CIs for Ne^
* Parametric                     142.9       148.1       155.2
                                 147.6       152.6       159.9

* CIs by Jackknife are skipped when number of polymorphic loci > 100

**************************************************************

Time: Wed Jun 24 16:14:11 2015

Non-polymorphic loci:    24,    96,   105,   116,   120,   176,   199,   225,
          260,   284,   333,   337,   365,   380,   419,   456,   467,   519,
          524,   532,   684,   691,   726,   778,   851,   861,   874,   889,
          921,   948,   954,   970,   972,   998,  1023,  1024,  1052,  1073,
         1094,  1098,  1103,  1119,  1195,  1208,  1212,  1231,  1250,  1275,
         1295,  1304,  1309,  1330,  1383,  1392,  1397,  1402,  1427,  1449,
         1455,  1466,  1490,  1491,  1492,  1497,  1504,  1554,  1567,  1600,
         1609,  1617,  1627,  1666,  1725,  1733,  1760,  1833,  1858,  1908,
         1941,  1982,  1997,  2016,  2038,  2043,  2044,  2054,  2064,  2074,
         2089,  2090,  2112,  2116,  2119,  2174,  2191,  2207,  2213,  2221,
         2233,  2245,  2254,  2255,  2296,  2308,  2344,  2390,  2397,  2405,
         2407,  2497,  2528,  2537,  2567,  2583,  2613,  2671,  2680,  2683,
         2697,  2706,  2727,  2730,  2744,  2746,  2855,  2885,  2910,  2957,
         2984,  3017,  3060,  3119,  3122,  3181,  3183,  3200,  3203,  3293,
         3342,  3364,  3416,  3424,  3476,  3493,  3495,  3522,  3528,  3540,
         3572,  3602,  3605,  3607,  3633,  3652,  3669,  3706,  3768,  3908,
         3954,  3966,  3987,  4001,  4025,  4042,  4062,  4077,  4081,  4114,
         4119,  4129,  4133,  4166,  4235,  4237,  4261,  4310,  4355,  4365,
         4407,  4413,  4417,  4477,  4512,  4529,  4531,  4534,  4611,  4626,
         4639,  4676,  4705,  4763,  4802,  4815,  4819,  4827,  4862,  4950,
         5044,  5055,  5063,  5067,  5092,  5128,  5136,  5138,  5154,  5215,
         5218,  5225,  5280,  5298,  5339,  5349,  5379,  5380,  5403,  5416,
         5425,  5427,  5431,  5433,  5451,  5458,  5470,  5498,  5571,  5604,
         5644,  5673,  5688,  5694,  5698,  5763,  5794,  5812,  5817,  5845,
         5877,  5903,  5907,  5914,  5932,  5943,  5959,  5961,  5964,  5998,
         6033,  6059,  6113,  6136,  6175,  6186,  6188,  6212,  6220,  6232,
         6245
Total non-polymorphic = 259


Population     6 [CMSKOO10_0002]  (Number of Individuals = 11)
****************
--------------------------------------------------------------
Lowest Allele Frequency Used     0.100       0.050         0+   
--------------------------------------------------------------
Harmonic Mean Sample Size =       10.0        10.1        10.1
Independent Comparisons =   13277267    15768254    17291928
OverAll r^2 =                  0.13436     0.13411     0.13335
Expected r^2 Sample =          0.13419     0.13404     0.13338
Estimated Ne^ =                 1788.3      4136.9    Infinite

95% CIs for Ne^
* Parametric                    1121.0      1830.7      5708.1
                                4402.6    Infinite    Infinite

* CIs by Jackknife are skipped when number of polymorphic loci > 100

**************************************************************

Time: Wed Jun 24 16:15:41 2015

Non-polymorphic loci:   213,   289,   322,   402,   406,   443,   465,   481,
          505,   545,   668,   723,   802,   813,   831,   846,   851,   853,
          867,   904,   990,   998,   999,  1024,  1125,  1204,  1282,  1312,
         1386,  1410,  1422,  1466,  1496,  1501,  1564,  1577,  1599,  1666,
         1677,  1743,  1862,  1865,  1875,  2099,  2149,  2185,  2191,  2222,
         2247,  2259,  2304,  2335,  2344,  2405,  2459,  2467,  2476,  2577,
         2677,  2706,  2711,  2738,  2744,  2779,  2850,  2947,  2971,  3007,
         3050,  3065,  3070,  3135,  3218,  3274,  3313,  3324,  3364,  3424,
         3491,  3522,  3530,  3605,  3676,  3703,  3726,  3913,  4025,  4286,
         4314,  4349,  4355,  4417,  4441,  4446,  4550,  4582,  4729,  4733,
         4770,  4771,  4800,  4815,  4817,  4819,  4848,  4862,  4877,  4913,
         4946,  4962,  4980,  4984,  5123,  5138,  5158,  5159,  5189,  5219,
         5284,  5292,  5298,  5325,  5342,  5403,  5410,  5419,  5430,  5585,
         5604,  5634,  5834,  5866,  5951,  5961,  6005,  6085,  6105,  6170
Total non-polymorphic = 138


Population     7 [CMSNOH10_0026]  (Number of Individuals = 14)
****************
--------------------------------------------------------------
Lowest Allele Frequency Used     0.100       0.050         0+   
--------------------------------------------------------------
Harmonic Mean Sample Size =       12.5        12.5        12.5
Independent Comparisons =   14013144    16182975    18018626
OverAll r^2 =                  0.10089     0.10091     0.10072
Expected r^2 Sample =          0.10075     0.10083     0.10072
Estimated Ne^ =                 2122.8      3529.6    103056.6

95% CIs for Ne^
* Parametric                    1400.1      1962.6      4475.6
                                4379.3     17367.7    Infinite

* CIs by Jackknife are skipped when number of polymorphic loci > 100

**************************************************************

Time: Wed Jun 24 16:17:36 2015

Non-polymorphic loci:    10,    12,    20,    26,    27,    29,    54,    69,
           72,    92,    96,    98,   106,   108,   134,   150,   154,   158,
          173,   185,   189,   193,   207,   213,   254,   260,   263,   271,
          275,   291,   292,   301,   305,   322,   344,   352,   355,   358,
          365,   409,   428,   430,   436,   464,   467,   471,   473,   478,
          481,   486,   513,   516,   529,   541,   545,   576,   582,   631,
          668,   675,   684,   697,   706,   723,   737,   741,   746,   763,
          765,   779,   803,   819,   822,   831,   846,   851,   855,   858,
          861,   867,   903,   910,   930,   936,   964,   965,   971,   977,
          990,   991,   998,   999,  1000,  1007,  1023,  1024,  1031,  1054,
         1100,  1103,  1108,  1119,  1130,  1131,  1163,  1183,  1188,  1198,
         1199,  1212,  1228,  1254,  1275,  1282,  1306,  1308,  1309,  1312,
         1313,  1315,  1327,  1329,  1351,  1362,  1374,  1378,  1379,  1383,
         1386,  1393,  1403,  1410,  1416,  1432,  1446,  1449,  1450,  1455,
         1457,  1462,  1466,  1468,  1471,  1491,  1502,  1519,  1527,  1554,
         1572,  1587,  1588,  1591,  1599,  1627,  1636,  1650,  1651,  1694,
         1747,  1753,  1756,  1806,  1830,  1841,  1842,  1875,  1882,  1892,
         1894,  1932,  1962,  1966,  2023,  2031,  2039,  2051,  2060,  2065,
         2080,  2085,  2096,  2115,  2116,  2147,  2148,  2174,  2175,  2185,
         2201,  2225,  2233,  2237,  2246,  2247,  2257,  2275,  2306,  2308,
         2317,  2323,  2335,  2344,  2353,  2376,  2383,  2407,  2425,  2426,
         2442,  2444,  2467,  2471,  2476,  2486,  2490,  2499,  2523,  2526,
         2534,  2539,  2601,  2613,  2640,  2653,  2667,  2677,  2712,  2724,
         2731,  2738,  2739,  2775,  2813,  2850,  2854,  2858,  2860,  2880,
         2889,  2892,  2934,  2939,  2956,  2957,  2962,  2964,  2981,  3014,
         3015,  3018,  3026,  3027,  3035,  3052,  3064,  3065,  3070,  3076,
         3080,  3083,  3132,  3135,  3151,  3168,  3173,  3176,  3191,  3195,
         3198,  3200,  3203,  3218,  3246,  3255,  3263,  3265,  3270,  3273,
         3297,  3313,  3315,  3324,  3342,  3362,  3364,  3371,  3372,  3406,
         3424,  3444,  3446,  3478,  3485,  3491,  3494,  3495,  3522,  3532,
         3544,  3557,  3578,  3590,  3601,  3612,  3635,  3652,  3655,  3690,
         3703,  3705,  3720,  3727,  3732,  3738,  3740,  3773,  3785,  3799,
         3806,  3813,  3877,  3879,  3915,  3943,  3968,  3970,  3982,  4001,
         4010,  4031,  4058,  4061,  4076,  4088,  4103,  4111,  4115,  4119,
         4132,  4150,  4154,  4156,  4158,  4165,  4166,  4169,  4218,  4219,
         4226,  4277,  4281,  4303,  4315,  4329,  4334,  4343,  4348,  4349,
         4370,  4393,  4417,  4441,  4442,  4447,  4448,  4466,  4471,  4488,
         4499,  4503,  4521,  4534,  4543,  4545,  4547,  4569,  4582,  4584,
         4594,  4596,  4609,  4631,  4640,  4644,  4665,  4699,  4701,  4712,
         4721,  4734,  4744,  4751,  4770,  4777,  4796,  4802,  4803,  4810,
         4819,  4825,  4827,  4866,  4868,  4909,  4913,  4929,  4932,  4939,
         4962,  4974,  4982,  4984,  5015,  5022,  5027,  5055,  5060,  5072,
         5074,  5091,  5095,  5107,  5115,  5120,  5123,  5136,  5138,  5149,
         5160,  5179,  5189,  5191,  5229,  5230,  5254,  5280,  5283,  5286,
         5292,  5318,  5327,  5352,  5389,  5394,  5410,  5415,  5416,  5422,
         5425,  5433,  5440,  5443,  5448,  5451,  5452,  5458,  5463,  5470,
         5493,  5498,  5505,  5515,  5520,  5582,  5585,  5595,  5604,  5609,
         5634,  5644,  5657,  5664,  5665,  5685,  5710,  5711,  5723,  5784,
         5792,  5820,  5833,  5855,  5866,  5869,  5877,  5881,  5907,  5914,
         5929,  5947,  5959,  5960,  5964,  5970,  5984,  6010,  6020,  6028,
         6032,  6066,  6069,  6071,  6085,  6088,  6105,  6108,  6130,  6144,
         6174,  6198,  6239,  6248
Total non-polymorphic = 512


Population     8 [CMSQUA10_0001]  (Number of Individuals = 8)
****************
--------------------------------------------------------------
Lowest Allele Frequency Used     0.100       0.050         0+   
--------------------------------------------------------------
Harmonic Mean Sample Size =        5.8         5.8         5.8
Independent Comparisons =   11722423    15310312    15310312
OverAll r^2 =                  0.26342     0.26039     0.26039
Expected r^2 Sample =          0.26540     0.26294     0.26294
Estimated Ne^ =               Infinite    Infinite    Infinite

95% CIs for Ne^
* Parametric                  Infinite    Infinite    Infinite
                              Infinite    Infinite    Infinite

* CIs by Jackknife are skipped when number of polymorphic loci > 100

**************************************************************

Time: Wed Jun 24 16:18:48 2015

Non-polymorphic loci:    10,    27,    29,   106,   115,   148,   176,   189,
          193,   207,   213,   228,   233,   289,   293,   304,   365,   415,
          430,   529,   668,   670,   738,   746,   789,   808,   822,   846,
          855,   867,   968,   969,   971,   998,   999,  1022,  1042,  1045,
         1088,  1100,  1117,  1119,  1148,  1150,  1183,  1188,  1212,  1255,
         1275,  1287,  1308,  1309,  1386,  1393,  1421,  1449,  1466,  1471,
         1480,  1491,  1501,  1502,  1504,  1509,  1520,  1554,  1587,  1591,
         1737,  1814,  1842,  1882,  2024,  2051,  2060,  2108,  2116,  2148,
         2151,  2185,  2199,  2201,  2247,  2285,  2287,  2303,  2335,  2344,
         2364,  2372,  2390,  2395,  2407,  2434,  2460,  2470,  2472,  2476,
         2493,  2507,  2534,  2588,  2601,  2627,  2671,  2744,  2817,  2860,
         2880,  2885,  2886,  2889,  2903,  2970,  2971,  3027,  3083,  3087,
         3095,  3106,  3112,  3135,  3138,  3150,  3153,  3168,  3183,  3270,
         3276,  3310,  3313,  3324,  3362,  3424,  3430,  3435,  3452,  3459,
         3491,  3506,  3528,  3540,  3549,  3572,  3590,  3598,  3605,  3690,
         3694,  3701,  3727,  3749,  3769,  3806,  3813,  3908,  3928,  3943,
         3949,  3987,  4021,  4023,  4061,  4077,  4083,  4118,  4122,  4125,
         4166,  4211,  4219,  4247,  4314,  4327,  4355,  4441,  4460,  4466,
         4503,  4509,  4531,  4550,  4596,  4622,  4631,  4667,  4733,  4742,
         4744,  4749,  4751,  4770,  4835,  4861,  4913,  4925,  4932,  4939,
         4946,  4980,  4982,  4984,  5027,  5070,  5138,  5149,  5154,  5189,
         5233,  5254,  5284,  5342,  5419,  5430,  5433,  5448,  5515,  5629,
         5634,  5646,  5688,  5712,  5726,  5866,  5901,  5914,  5930,  5947,
         5951,  5961,  6018,  6020,  6085,  6086,  6105,  6170
Total non-polymorphic = 236


Population     9 [CMSTILL10_0006]  (Number of Individuals = 13)
****************
--------------------------------------------------------------
Lowest Allele Frequency Used     0.100       0.050         0+   
--------------------------------------------------------------
Harmonic Mean Sample Size =       10.6        10.6        10.6
Independent Comparisons =   12997412    15502049    17322848
OverAll r^2 =                  0.12235     0.12205     0.12137
Expected r^2 Sample =          0.12205     0.12190     0.12135
Estimated Ne^ =                 1001.2      1962.5     14977.9

95% CIs for Ne^
* Parametric                     766.0      1267.0      3035.0
                                1443.7      4341.1    Infinite

* CIs by Jackknife are skipped when number of polymorphic loci > 100

**************************************************************

Time: Wed Jun 24 16:20:33 2015

Non-polymorphic loci:    29,   160,   225,   235,   270,   289,   380,   387,
          430,   456,   466,   491,   547,   627,   688,   723,   755,   886,
          903,   978,  1023,  1102,  1163,  1210,  1287,  1306,  1362,  1410,
         1466,  1476,  1508,  1527,  1546,  1557,  1605,  1617,  1646,  1666,
         1711,  1841,  1892,  1894,  1902,  1943,  1945,  2092,  2099,  2179,
         2197,  2257,  2344,  2376,  2442,  2486,  2539,  2636,  2707,  2727,
         2732,  2850,  2951,  3106,  3168,  3179,  3183,  3232,  3274,  3309,
         3447,  3483,  3499,  3539,  3630,  3633,  3639,  3814,  3830,  3957,
         4081,  4089,  4180,  4273,  4292,  4308,  4545,  4556,  4626,  4657,
         4665,  4729,  4742,  4764,  4770,  4776,  4802,  4819,  4880,  4963,
         4987,  4990,  5083,  5138,  5189,  5218,  5228,  5247,  5274,  5284,
         5319,  5417,  5430,  5433,  5548,  5585,  5684,  5699,  5752,  5929,
         5942,  5960,  6020,  6071,  6097,  6212,  6244
Total non-polymorphic = 125


Population    10 [CMUW10_0001]  (Number of Individuals = 8)
****************
--------------------------------------------------------------
Lowest Allele Frequency Used     0.100       0.050         0+   
--------------------------------------------------------------
Harmonic Mean Sample Size =        5.5         5.5         5.5
Independent Comparisons =   14150705    17635002    17635002
OverAll r^2 =                  0.27612     0.27300     0.27300
Expected r^2 Sample =          0.27971     0.27594     0.27594
Estimated Ne^ =               Infinite    Infinite    Infinite

95% CIs for Ne^
* Parametric                  Infinite    Infinite    Infinite
                              Infinite    Infinite    Infinite

* CIs by Jackknife are skipped when number of polymorphic loci > 100

**************************************************************

Ending time: Wed Jun 24 16:21:59 2015
-------------------------------------

